Host,business/finance,education/research,entertainment,health/medical,news/press,politics/government/law,sports,tech/science
27997,0.2922990206161433,0.01066909758540966,0.13121451963699282,1.925737273440524e-05,0.024586613123208388,0.08190744629106071,0.24946385588797163,0.2098401894864813
9316,0.3885651944876742,0.0008911230601255581,0.6085499546870479,0.00010056670867076603,0.00033106928932636335,0.00012914828108744205,8.731821132046918e-08,0.0014328561678510854
27045,0.18007260505850273,0.16733313802052685,0.4652476644453838,0.0003027410175565965,0.060353478085482956,0.0006942489714609966,0.003909433375981773,0.122086691025104
19805,0.009190446301402118,0.008637833586529047,0.947278729075589,7.415268952074238e-06,0.010912516722613706,2.0588557278816037e-05,3.87171871464768e-05,0.023913753300486975
26580,0.0007032665968379644,2.4756647630975505e-05,0.001701852742066426,0.9264456916821115,0.025530198822053568,0.04557458955188159,3.050035638450574e-09,1.9640907372951008e-05
16886,0.04006593695974137,7.342137067166289e-08,0.9597220147174903,2.563333304589014e-06,0.00020724605866027576,7.623623141999139e-08,1.56557417791364e-09,2.087707633614387e-06
27931,0.19225953231276038,0.013358904743503455,0.7511876745894241,0.005234760553611462,0.02672265185480118,0.005341155469397436,0.00031795946299366655,0.005577361013501847
8977,0.9995861117349636,2.9632749776776287e-06,0.0003581327635251191,2.743537414461844e-06,3.402742429866536e-07,4.8697773468070575e-05,1.7090706336410887e-09,1.0089323308556182e-06
20285,0.28129356884908435,1.268965829411701e-07,0.031337187192950505,2.444190359149356e-08,0.0010617689284706522,5.3152804621945745e-09,9.285683743607973e-07,0.6863063898073625
2427,0.11075378466493309,0.03087510998838129,0.17609955806400124,0.2389173463230043,2.4837565699706577e-05,0.0003976593953091472,2.4850928618975203e-11,0.4429317039737928
1324,2.4494742904443394e-08,0.9999978535634299,1.4256716929804025e-06,1.1194997165265605e-11,9.69998853395268e-09,6.691192963059017e-07,4.338346171191437e-19,1.743962391079813e-08
25006,0.023872053306170225,0.1748727814516383,0.490729056034778,2.3624498912436713e-05,0.0008442984520229369,0.0063850050426537555,5.615244099668765e-07,0.3032726196894247
13134,0.35360433399083935,0.0002298320127171738,0.4294566990007236,0.062306861364745066,0.1516334021499892,0.0026915747280590397,1.913805578061303e-08,7.727761486960978e-05
11834,1.3556692538785146e-19,2.9498778741829042e-21,1.0,2.03421441208473e-23,1.7685916860097016e-22,5.314777393546808e-27,7.534641356764288e-27,1.8182587126506173e-28
19930,5.819123821381517e-09,2.0231498809979126e-14,0.9999999941808255,1.0728021604298412e-17,1.571520631084597e-14,2.0118484655929315e-19,1.6824554129016329e-16,1.0344933278863489e-16
12212,0.9999962731766443,6.36136420543815e-09,7.666822082642185e-09,1.5814264263248124e-09,1.1329652414326068e-08,3.69145349971921e-06,4.2817075922157986e-14,8.430567550259569e-09
14062,0.009769946774051979,0.00011436242816937962,0.00056325816080152,9.492334273410387e-06,0.00033644888964110475,0.9892035606833727,1.3219844626879135e-10,2.930597509452422e-06
18965,0.3028745596481614,0.06596130289593764,0.09129594717293664,0.000368995484892645,0.003472196074024925,0.01124864162467516,1.8305262837023888e-08,0.5247783387941096
10744,0.21084873135617271,0.0008870091562402275,0.003617213558847958,0.0008335539975122045,3.3846194889149714e-05,0.783718600662608,8.763829147961718e-07,6.0168690828655156e-05
20664,0.991767635717348,3.074314328551748e-06,0.0032681436298247976,4.791559681563711e-13,1.4364359558006868e-07,3.4867027505092596e-13,6.308137198755672e-08,0.0049609396126982005
17021,1.0979620875267246e-05,0.9998737336001232,6.007856952865966e-05,1.2362660930060025e-08,3.0110740699551733e-07,4.132796755021176e-08,2.2582785063924643e-09,5.48511531594948e-05
8212,0.9724433214865362,0.0013976091191964255,0.016951153812495144,6.3701507119774795e-06,0.00914188575082244,5.915675809047652e-05,8.880761986117967e-08,4.1411451592382603e-07
20736,0.3028745596481614,0.06596130289593764,0.09129594717293664,0.000368995484892645,0.003472196074024925,0.01124864162467516,1.8305262837023888e-08,0.5247783387941096
11963,0.9769719776720694,0.0008180924129685255,0.009883487507494267,3.5003722675919955e-08,0.0002197903090474551,7.118769346553103e-09,6.249273229232401e-07,0.012105985048608598
12970,0.980229107257827,0.0009800016457778662,0.018243096433147844,8.232355861711491e-07,4.368884531734068e-05,0.00017513449519246634,1.7422777155737668e-06,0.000326405809438694
19053,0.9975699277203871,3.1729240214567e-05,0.002358602466041714,5.708486920045116e-06,1.249458405262577e-05,2.0805536885554255e-05,1.5526085572546114e-09,7.304128965165633e-07
20877,0.0684735048456659,0.6046530721398253,0.1678501617536975,3.779360193660977e-06,0.006162371098370954,0.0006851412624656091,2.0723060274160887e-08,0.1521719488167246
6688,0.99999359196114,1.256352641771678e-07,1.514010109049469e-09,4.521180156490258e-08,1.8989074013678937e-09,6.227162304034809e-06,1.7801807702735938e-12,6.614764672618439e-09
1485,0.4506591819082456,1.3762549294431587e-06,0.2695933964425581,2.0478538186191677e-07,0.2796782108490305,2.581106237822821e-06,4.062423190859788e-09,6.50445911930138e-05
9915,0.06212431345639415,0.6054446831289069,0.0001574848378372328,0.0002736375614088052,3.0892236604090854e-05,0.3319574613603069,9.843918691473347e-08,1.1428979360490566e-05
2785,0.9999993635774764,9.4132204298421e-10,1.3082408342520108e-08,1.8376095537477995e-09,4.967957456355039e-09,6.044981626256637e-07,6.629848684796994e-14,1.109500275856616e-08
20128,0.19201884951983478,0.11156292667943414,0.598245179617754,6.761078879629228e-05,0.0024969379519793854,0.07555210290366932,2.766401127275541e-06,0.020053626137404336
12295,0.0007544198509921885,0.02636515254335179,0.0006476251544243616,5.15559844015152e-07,1.970704477172066e-05,2.3706577175776915e-07,5.675144416913015e-07,0.9722117752664029
14567,6.837158956669946e-25,3.2262554027376285e-34,2.1266503988101243e-32,9.4167884722027e-36,7.619904183186716e-33,3.034236023386082e-38,7.655990959105561e-36,1.0
25052,0.9999998002256989,2.3819959445011713e-10,1.7947128445758525e-07,2.002524656940092e-11,2.0904846725694454e-09,2.7552414001111646e-11,2.6501457905180017e-09,1.5276608927745687e-08
25689,3.319487112826589e-10,3.0342568677894215e-17,0.9999999996676934,5.721177291129795e-22,1.0118928795985915e-13,9.019506485410833e-25,2.4023683544795137e-16,2.849900691778007e-13
18873,0.35588599545828525,0.07720784776521065,0.06000879179650056,0.031078895856291228,0.03876533814270472,0.3790048822555675,0.0007695254091494925,0.057278723316290935
18451,0.9999999999828049,2.9034345271663383e-17,1.526052315570637e-11,1.6965678350009276e-15,8.523007764466146e-14,4.928642897264392e-18,1.85106500901193e-12,1.1713558969855108e-16
8422,0.3015870445718048,0.06356222116859297,0.17420021251895743,0.028221946600789274,0.05253173038996442,0.10605020640781686,0.01015968585472527,0.26368695248734914
9199,0.0002548059613133634,8.904906624605991e-07,0.9900639346919378,1.234352222306066e-08,0.009679641045755659,3.1349404818352406e-08,2.1913282557167013e-08,6.622041266446685e-07
9941,0.017524170916923643,0.0008954595680410529,0.3772230756771175,0.00014081028210828083,0.002718213899362626,0.5984698943448111,5.527809610606491e-06,0.0030228475020288898
20517,0.30355822137286487,0.0657186472295979,0.091113929266806,0.0003615851142996649,0.003474615578364773,0.013635263028369,2.0428304947764485e-08,0.5221377179813939
12718,0.6434825663680143,0.00022194816632651077,0.20153815018980126,0.0014551276421286338,0.00043857797887003684,0.15206293199711746,5.337499433629737e-06,0.0007953601583082064
1681,0.913006656159943,1.96714412195344e-06,0.08256254832150449,8.254440085255442e-14,9.992277647697366e-08,1.6420696653371697e-15,4.0488383280763216e-08,0.0044286879631968085
4828,0.63361360463146,2.73750288275358e-09,0.3654079701904979,1.4336218209919608e-10,8.641482408140201e-09,1.5930198314129736e-11,1.0334296159364809e-07,0.0009783102968139777
22986,0.9998838239258045,1.2025053598697233e-06,0.00010908086385476312,3.094876151985705e-06,1.787826484060287e-06,4.607067292504513e-07,5.3734050490987524e-08,4.955615667869708e-07
423,2.8304623675911834e-13,0.025852157297474084,1.2256605568063693e-08,7.992182583981726e-05,1.3198230107892845e-12,3.4301592731158663e-12,1.3341579461428819e-08,0.9740678952734622
19294,0.08879512493525697,3.2325517213901847e-09,3.307475560720293e-05,2.9328310346815646e-07,3.1393775749792816e-06,4.427729228444211e-08,8.983140936806905e-11,0.9111683200487549
6354,0.9446847125149201,0.005909394818416579,0.03638194194961322,9.141387899740428e-08,1.5072498963353055e-07,6.184819857394001e-05,0.012315647929349699,0.0006462124502551568
4086,0.039349008695628296,0.054846924834029455,4.5506050123877374e-05,0.00032478502111939574,3.50745354406153e-07,0.9054178143480834,7.5406700896531e-10,1.560955159333527e-05
3146,0.00013915834775429868,2.0803148253587915e-07,0.9965150982607232,1.7668406879097314e-12,8.296816886166688e-08,2.13403171798921e-12,3.617864062754189e-09,0.0033454487701062726
8759,0.935188456713032,1.0319775518599188e-08,0.0033724329099004743,1.7953494887461775e-10,0.0015472459558485024,6.076311314978048e-13,0.0018884480360698431,0.0580034058852337
1358,0.9999978086337217,5.391646630588891e-10,1.9234614041554653e-06,1.9574789982012778e-07,2.0423869924286467e-08,2.9919252177712904e-11,2.6510022094484392e-08,2.4654004241852932e-08
8466,5.1689784937778085e-12,0.9999993521655706,8.982460101441302e-14,1.2842263086620165e-13,4.0713467774747765e-14,1.0406569555860561e-13,3.3382174528455826e-19,6.478288847514183e-07
12664,0.5957049135190916,0.05327995358304532,0.07275452732344777,0.012132507578547872,0.12452037476226592,0.02243590272418549,0.0005419250394362195,0.11862989546997964
13113,0.26033912944208504,3.877662808191558e-07,0.7383794462672243,3.8657669871762966e-08,3.594649847527191e-07,0.0012804347980999561,1.535645881094763e-07,5.0039067682529726e-08
24532,0.99999998553227,4.4110077530447253e-17,1.4467658020212646e-08,6.179792553908934e-14,4.593640323738972e-16,2.562363289018654e-19,5.6901791743505985e-18,1.1298656383312515e-19
26881,4.060197286529124e-18,1.892072324494081e-24,1.5167456982463552e-24,8.183761451283562e-27,2.187029040963248e-24,2.687159042064018e-28,2.072822668910025e-26,1.0
20970,1.7932208776474153e-06,1.1170375620144937e-06,0.9999916381027983,4.908993447145875e-09,3.3230948899140403e-07,2.0404797405927915e-08,2.2174757338502378e-10,5.093793739291147e-06
5951,0.0042381433702887664,8.314744847047387e-05,0.6113939766443961,0.00010036369665754002,0.38398202023486483,0.00019068562583122913,4.0871023928132656e-06,7.575877102832273e-06
2547,0.023600795966936285,0.0011356719920936835,0.9311822955770906,0.0004935042561813477,0.03619005756954172,0.001976939394862246,0.0009422778930275295,0.004478457350264728
254,0.9998987589156572,6.839816557109523e-09,8.292805848145814e-08,4.285918186823989e-09,1.686861370840999e-06,4.9261572107011874e-11,3.653826109187315e-07,9.90947373227395e-05
9824,2.9541872492052667e-20,6.085268063042809e-30,5.256121107803097e-29,3.3436637736468856e-32,4.305948619718902e-29,2.292945111606949e-34,1.5948576183703071e-31,1.0
27314,0.3808940291480911,0.013148388002105573,0.4355403512619385,0.10963364918355213,0.01840352700458848,0.02234659878648602,0.002279254669102254,0.017754201944137314
13643,0.9730143899238672,5.44945347022536e-05,0.008570437228099428,6.451786038919929e-06,9.071077869240235e-05,4.066990832052844e-06,3.4042478142857567e-06,0.01825604450994464
7998,0.9972256174223846,5.5159234123412855e-06,0.0001407136175755039,2.6175624636146205e-05,1.0846967000517154e-06,0.0026006201756294677,8.49675347390458e-11,2.7245468985329914e-07
6742,0.016511116415698447,0.47858675845557075,0.008153646940132708,0.0008481771102319543,0.002604174815871525,0.49054757007597793,6.397018570652345e-06,0.002742159167945931
25525,4.979640166730556e-16,1.5435049261910098e-19,6.228334286441886e-20,2.427154494714127e-17,1.0,3.6507016865907817e-20,6.59545315456185e-23,3.8915738112470876e-20
26065,0.5012948021664203,3.9985056665785395e-06,0.10347752614552136,4.7615615915537184e-05,0.3940603836189438,0.0005060262221166771,3.605000168100436e-07,0.000609287225398299
997,0.030756978550808507,1.3693045310560524e-05,0.4259694738838046,2.5572209905436954e-08,3.9025689979312326e-05,0.5432204637695482,7.390913473467888e-08,2.6557920728660144e-07
12263,0.9978639355643745,2.1806050793346073e-08,2.1631532216726738e-05,2.2685496654212758e-14,4.232287121897766e-08,3.8681693058447737e-14,5.120169082664204e-10,0.0021143682624175414
61,0.07011586986753184,3.0175083834644062e-05,0.9297886191331364,3.841398184171769e-09,3.5950775505233293e-06,1.2776674946248665e-08,3.0180382034153492e-09,6.172120184790054e-05
25885,0.9992193395298302,0.0004693878035903986,9.733982975387008e-05,1.981765472470467e-07,9.245433947491754e-06,5.4707763337759264e-05,4.03774800762288e-11,0.00014978142262139684
2671,0.9984565429529759,9.430967605827048e-07,8.211486998523212e-06,1.6222338925176612e-06,0.0001037380261338623,1.4308706767542743e-05,1.1321815834976694e-09,0.001414632364288241
10244,0.9725245404401425,3.4691690667579733e-06,0.02685867158777047,5.76218976120865e-08,1.843408099530014e-05,0.0005889717701533671,5.7797790999359365e-06,7.555087100225825e-08
11011,2.744762898207218e-10,3.6592751989372046e-11,0.9999999983838279,2.6997399488882455e-11,1.6632404001449203e-10,1.0304101134336253e-11,1.3929963816740023e-12,1.1000907571471713e-09
346,7.607462471884377e-08,2.3122374119727903e-09,0.999999917103711,2.5365607059802847e-10,1.6526940700356123e-09,1.5834493917260996e-11,2.3042385757890694e-09,2.8300848604172434e-10
21405,0.027131560124033387,0.3454365008282821,0.025797403971618414,1.1697017472401546e-07,1.1252988270512699e-05,1.472551050318393e-08,4.275522537463726e-06,0.6016188748695592
20226,3.35131302543265e-16,2.7113979060403884e-25,1.4047475163863536e-24,1.2602517811182902e-27,3.475546449247229e-26,6.347947059381747e-29,1.1368868177815611e-27,1.0
24838,2.7695795042970573e-08,0.03538918434536339,4.797247721621866e-07,1.235030063256694e-11,9.678146972902554e-10,8.145326354732654e-17,1.0657781951481674e-10,0.9646103071473375
5742,0.4716311092364682,0.00010637632073451628,0.08170345226294598,3.3958638561760736e-09,0.0024145966406465547,3.498667008701495e-08,1.764018721462847e-08,0.44414440951647
4758,0.0007214798693591593,0.9990248944774802,8.511223030509949e-05,1.8149726062233804e-14,1.8671862695160047e-07,6.435061862670794e-19,2.0144520130035266e-09,0.0001683246897732812
15401,0.9998266247039718,5.307646257247714e-07,0.0001540061441511728,6.799789502359399e-07,7.616571502252767e-07,1.8975363306812293e-07,1.9041554113969125e-06,1.5302842105971974e-05
10797,0.6594466139715074,2.9697248323524845e-09,0.34001772253622303,3.8273500310960857e-10,1.5316200607881298e-08,3.050855777943682e-11,5.498551902046453e-08,0.0005355898075933862
21942,0.2976258148683767,9.577112958016648e-05,0.6582880950746616,1.5109439277944777e-06,0.02630931259310011,1.5744581478571325e-05,1.028665329106339e-06,0.017662722143548158
23539,0.3028745596481614,0.06596130289593764,0.09129594717293664,0.000368995484892645,0.003472196074024925,0.01124864162467516,1.8305262837023888e-08,0.5247783387941096
4098,1.3506712114612254e-06,4.177365179317287e-08,1.1525329477495409e-05,8.039467403759749e-07,4.01509278854059e-08,0.9999862338657938,7.652646997904437e-11,4.185657064829607e-09
18289,2.5374318904838678e-05,0.00035215478667861063,2.571395903041063e-09,5.71610718943731e-09,4.591910049329549e-09,0.9996224301216085,8.061225682530897e-13,2.7892598243574096e-08
15969,0.0009199163147231492,6.653192763483578e-08,7.5430219878305555e-06,2.421317669409924e-05,7.494688739683248e-08,0.999047878514154,1.5446285166499353e-11,3.0747817162472897e-07
3905,0.04530633334870685,3.0091010691515846e-07,0.9546906891644498,4.939052471580279e-10,2.2364468248006876e-07,2.448144101912941e-06,3.4251222481788413e-09,8.6892325692255e-10
21989,0.9577803535551843,0.007792723873869309,0.02888033906131227,6.108446225335957e-05,0.0012889381596627913,7.821763641365398e-05,6.137613274572263e-05,0.004056967118557556
26547,0.0002846057684218715,2.8540167135786935e-05,0.948076089408662,4.5064699490894976e-07,0.04746604586693716,1.4977596132953297e-07,0.004142333910981915,1.784454891293745e-06
25153,0.9945131422597576,8.088176291446585e-05,0.00221387177569403,4.192499351481763e-06,8.198735343938002e-05,5.760159660641908e-06,8.003925025867272e-08,0.0031000841499377882
9706,0.2831500062661467,0.0007501761649675943,0.7089406912716115,3.831613916179786e-05,0.0005288851647566592,0.004589446866969124,1.613011659535949e-07,0.0020023168252217083
11655,0.15762417656745123,0.018571684971238227,0.3159553800386549,2.854597218375442e-06,0.0016299224384635467,0.09631653780108365,3.139069545397844e-07,0.4098991296789369
10887,0.9999990307407679,1.4254257222245613e-11,9.668679900910649e-07,1.3907030435912929e-11,1.9022920909898482e-09,4.5343186056760686e-10,4.62164056705671e-12,2.7485399233442016e-12
19087,0.05893706574003219,0.00012830921410124393,0.9302316100162886,6.404414825385196e-05,0.0005770862150917999,2.7052302649992837e-05,3.308893574713567e-05,0.010001743427836779
22570,0.9985470587949894,2.7491874753859844e-12,0.0005383857432739662,1.2113963549570813e-10,0.0009145547312555391,3.3788970057131814e-11,5.572531183408266e-10,1.5553219427101566e-11
16588,0.208337463526366,0.0006938510452998854,0.7008243889757412,0.0012003511296498643,4.641303936773356e-05,0.08888366944726021,6.017525618638351e-08,1.3802661059672222e-05
19524,0.17542266690071628,0.45979622112808866,0.0007501068992639132,5.367317416552735e-05,0.00010172355043293464,0.0020061693351208936,3.335921883732887e-08,0.36186940565299847
27327,0.8978915390568374,0.002042272132818082,0.020435854483755043,4.6419666475045144e-06,1.5225886778255748e-05,0.00015909193138087923,1.9434700596355497e-08,0.07945135510707764
9802,0.24021280095970104,0.014541486293717404,0.42344413265075403,0.00010650001046512592,0.006607790054187004,0.2705449288987407,2.3788432839664205e-06,0.04453998228915089
15658,0.002969122747779957,0.00712998371668053,0.9284630017151032,8.37406980175656e-06,0.00034760570770462783,0.0610290515800364,2.693646849140828e-08,5.2833526423273795e-05
26686,0.9796710023767521,0.0018410791096815894,0.0028800834325619393,0.00037704067839842276,0.005228998521359313,0.009730876881539235,7.21165033152995e-05,0.00019880249639303487
27649,0.3028745596481614,0.06596130289593764,0.09129594717293664,0.000368995484892645,0.003472196074024925,0.01124864162467516,1.8305262837023888e-08,0.5247783387941096
21404,1.0118995107075046e-05,1.2627424053488306e-06,0.9999576400575646,3.1390253775442764e-11,3.097600140921809e-05,2.1153359217892217e-09,1.2176795510693043e-13,5.66552559436198e-11
4928,1.649097257821914e-08,0.0008750166693553976,6.002995225746801e-08,1.7138917806153763e-10,1.8692488346366195e-10,0.9991240579943638,5.2359209946354405e-14,8.48457000418644e-07
8701,0.8130660379227321,8.676883130647671e-08,0.04309808419239176,4.55997332908993e-06,4.4602332517538616e-06,1.1715130871692573e-05,4.219108265005469e-08,0.14381501358751198
9444,5.175363492430137e-23,1.0327575273738421e-32,1.8517670359533141e-31,1.9541579063732983e-35,2.0657226148425256e-31,2.7938799989818455e-37,1.4817422634137265e-34,1.0
21570,0.00017807501295724637,2.194650529658861e-08,0.9577292089806146,1.2115737991519379e-08,0.00013830357163566653,4.499514799047975e-11,0.04194984253961034,4.535787932281803e-06
6154,0.9765821382701335,0.0048022910460944765,0.01706678650210493,3.762937514931103e-05,0.0005955002000118925,0.0002851933571469889,5.012909514661576e-07,0.0006299599584126748
10861,0.8355765255882501,0.0013671508293806214,1.301661863339438e-05,0.15893737416862017,9.595922946417316e-05,0.0007579901160763794,7.4899216351646165e-06,0.003244493527938839
10233,4.46430330922083e-12,5.099346211525881e-09,0.9999999566817914,1.187394314362066e-15,1.0066919065287913e-12,1.5121871730560099e-16,4.260855052004399e-18,3.821337472961791e-08
6066,2.8616971076728772e-05,0.17058371089108998,0.00010512075248856822,3.7227774013807435e-05,1.5453170928057373e-06,1.4932905200514282e-05,1.6536160915563552e-08,0.8292288288528754
18155,1.5698073130104909e-07,0.00018329603567475073,1.1723087534949672e-06,0.9996811936523983,1.3588962062139893e-05,0.00012019803392309428,3.169642687470337e-11,3.939947765364904e-07
6871,0.021602977303342284,0.0008779774888897116,0.9756412048853634,7.994668156937296e-07,0.0013526417076166817,0.0005114853184844309,4.4372310818337554e-07,1.2470106381458522e-05
3553,0.9989709570238476,7.247742624887673e-13,0.001029037671733397,4.2579775723266816e-17,1.2091327320715334e-11,7.108736239542441e-19,5.169825621590587e-09,1.21769337407077e-10
16463,0.033399161307471725,4.6603694793779335e-05,0.17878458854688992,0.00013890854247841473,0.0009104022700304758,9.547783817528248e-05,0.7865856436459142,3.9214154244828824e-05
25967,0.4846363806155399,0.00026354349596103627,0.49980371850467015,0.0001171856435959356,0.004461167062064527,0.0004898862212028681,0.008419223692402928,0.0018088947645587446
15172,0.017148848481851456,0.00030386078677932163,0.9818736184839543,2.654252222343091e-06,2.5846115308836687e-05,1.1340259844479814e-06,1.2415427950791111e-08,0.0006440254384753479
2591,0.14458304770603508,0.004914538165677942,0.16350348334814432,0.0015529752521954326,0.0018959857641078837,0.009340205790123384,0.6682620970354906,0.005947666938218605
12863,1.2666609258614061e-05,5.504664570298513e-08,0.0002319755567421521,3.190367937943157e-08,6.480026617659829e-09,1.3662142890240984e-09,2.538079006961146e-10,0.9997552627836198
8090,1.1726883078160139e-20,3.545040535790209e-27,8.637095811530219e-27,1.967427424009456e-29,1.3658414632267066e-25,1.1358728152598627e-30,1.693568796871306e-28,1.0
21348,0.004333720225135066,0.0006609531828927176,2.9444313825348044e-05,0.0005698567958018044,3.938208297433899e-05,0.9939101363186434,8.583913892860194e-06,0.0004479231668292861
21588,0.9836980214774845,6.949425030616194e-05,0.0059285266680535985,0.007758975210353729,0.0007993907530314403,0.0001809716414433082,4.792128752931425e-05,0.0015166987117950282
23497,0.29965057007038093,0.002853843522287502,0.6596198556848908,0.00010933526468346689,0.014615785872742716,0.00014136101381397796,0.000651223288709546,0.022358025282491496
11245,3.9470240188633526e-07,4.8464069145326475e-09,1.5497654119121835e-05,1.5158135749017936e-10,4.879464315098135e-09,0.9999840977480343,6.675068293262575e-13,1.7329563636766104e-11
19097,0.009888820082364582,0.009954378870600692,0.0004437144305301742,2.5436910618046485e-05,1.1917702215771748e-05,0.9795162586799133,2.655712213704197e-08,0.00015944676664842683
9062,7.503767732238823e-05,0.009612597669595092,0.0001285046187949063,0.00012327494301667404,2.6579169075667553e-06,0.47328953964634884,2.956930567534266e-08,0.5167683579587103
11896,0.7008164114831391,0.2556982520257713,0.01803635540265477,0.0013605068523555501,0.005391454281252008,0.013670756536916765,0.0012959090832666488,0.003730354334647088
11336,4.118113675677194e-05,0.005560766680932592,0.8609925326911693,0.002448335845107361,0.058995938239422084,2.826876557820525e-07,1.4022901724607375e-12,0.07196096271754171
14563,0.9970737571751944,3.0597705484370445e-13,0.00292624280806178,9.873885133626919e-12,6.2098636087210945e-12,2.68965809935776e-13,6.511307885904452e-14,6.4178611375472385e-15
7410,0.14790022036713096,0.017814844954184186,0.5240006167013422,0.0059334983819736686,0.004310327624891173,0.0029009723985499855,0.11278877558514011,0.18435074398678725
19408,0.0036480912853978963,0.00048043636091778475,3.6408761055104273e-06,2.185767940484169e-05,3.8033464352993677e-07,0.9958321628171255,6.577515254693783e-11,1.3430580616258828e-05
2586,0.9999157320383092,1.06910741370649e-09,7.994100596409025e-05,4.228647017830594e-06,7.677867058369322e-08,1.1264385647386546e-09,1.9189883033216616e-08,1.4462142815394652e-10
15151,1.1187261406251457e-07,5.028426114446573e-07,0.020260309694441037,8.070000546581683e-10,5.0189340552929234e-08,5.346666554826056e-10,4.5471113013997625e-09,0.9797390195122122
3504,0.9911376794754871,0.007410732085559102,0.0004694134049418283,1.4043691240485496e-05,6.391427240478318e-05,0.0008460195056167581,7.253662692844557e-09,5.819031107747448e-05
10419,0.9999999999998295,7.668435973131018e-20,1.8043551109087094e-13,3.5176500611975716e-19,4.1249660554593086e-16,5.205871430119163e-20,2.5007120189536287e-19,1.4040867252523116e-16
17618,0.673176980985281,0.027242882678206667,0.17150818844590657,0.04142237051451692,0.013223996559339212,0.05462806621632385,0.0008814329682672909,0.01791608163215791
13560,3.045996150505188e-05,8.879877651591715e-12,7.014040648548774e-10,4.048848376200512e-11,3.123119044186358e-12,0.9999695392846016,9.218451410249521e-20,1.0146102212480743e-14
13984,5.347326506920324e-05,3.5622709203412814e-09,0.9999442899073583,9.789074188037853e-11,6.889304316969157e-08,2.5146932171412484e-11,1.863213105340515e-08,2.14561709655625e-06
9819,0.999999980902061,1.300414345995862e-13,1.9092492382387774e-08,1.899677285966808e-14,1.6693822004949036e-12,4.330258233797035e-16,1.6340279916501556e-14,3.600416965273753e-12
23949,0.050495946955263174,9.978181000888471e-05,0.14237786095948762,1.71137134032481e-05,0.5025960722482752,0.3043653283934173,2.2700453649126526e-07,4.766891559823961e-05
15002,0.9999442803572998,4.485926228235896e-09,3.497779243161007e-05,3.337770422535506e-09,2.0522003682662564e-05,5.684884638895196e-09,4.351454482310873e-10,2.0590286511884568e-07
3875,0.0005178408677957806,0.0006088568507984967,0.9742579368333599,1.2812376809944959e-06,0.014906185823826901,0.009706791053489714,2.310270037315051e-11,1.1073099237683517e-06
26471,0.009874384329400241,0.0008406537160890317,2.1671466569978958e-05,1.6801086344599826e-05,1.535248358456424e-06,2.989939323557774e-05,2.1952349158345208e-09,0.9892150525647692
19885,6.0239467804822225e-06,0.3667064433963858,4.290989280113486e-06,3.7062741349124005e-09,4.5573894803735496e-08,1.445655549896413e-09,1.2567613824864951e-11,0.6332831909291724
5756,0.0014196079693602267,0.0010821543226213967,0.9943290604484574,3.2768172640719295e-05,0.001818798326430764,0.000662671455869789,0.0002340580360651592,0.0004208812685590996
18070,0.38374443769262484,0.054692935616150094,0.15856333798783565,0.01771950427133294,0.03464795266806164,0.06250044130856515,1.5330306781838005e-05,0.2881160601486478
6783,0.808689781690727,0.0001817091068306779,0.04761664158320661,1.7744395056963764e-05,0.006425423888565849,0.1362148393402367,1.2371820084492657e-05,0.000841488175289859
15975,0.9999327990925679,1.0876212868548173e-06,7.780781227376282e-06,3.37479080207309e-07,8.658171906245502e-06,1.2262607758772556e-06,3.653076599578497e-06,4.445751655549266e-05
14779,0.6243891566411223,0.004025144131532088,0.01176571593906627,1.141907437029508e-06,0.0004340881937091981,0.00042340748025575427,1.3982519426892007e-09,0.35896134430862586
19237,0.014246788418634216,0.00439453343074682,0.013211579895428384,0.0007464672093996797,0.0004905905772108327,0.9635316630638627,7.816253234387167e-07,0.0033775957793921447
26473,2.478032596908028e-05,6.733206479961821e-11,0.9999752040954065,2.9590531478157934e-12,1.492933409861823e-08,5.223312760034786e-13,1.7379861631793533e-13,5.782852540656691e-10
21311,0.40930303956987907,0.00012340818842923574,0.0005416127030301064,6.73832531821574e-05,0.00014876996665083095,0.00013367635231073356,3.2330933132859564e-06,0.5896788768732066
27551,0.0015201859421317668,0.0006719998889843648,0.003977872154424406,0.9936406890929079,1.983781366352556e-05,0.00016044966307465167,1.434928128618057e-07,8.821951997695311e-06
2705,0.0018221304924427892,0.00045579590912743,0.000825204983504896,0.006010724355217748,7.699887901435429e-05,0.9848275129452007,9.06889450196976e-07,0.005980725546047626
12514,0.00013261626455705333,1.4575370138989915e-09,1.1281338316110782e-09,1.2228872445464603e-08,3.047165694608615e-09,0.9998673644864556,5.64735076594744e-14,1.3872183248153377e-09
26485,0.0801663185643145,0.00015557543168150478,0.9105719868862421,0.00040285566179781233,0.0016375781332676831,7.382499534245989e-05,0.00010849636746227256,0.006883363959892484
8906,0.00728225832066383,0.00016003637721219723,0.9925127293922116,3.678885604850675e-05,5.746416574886971e-06,5.152552271622697e-07,8.952002127339946e-09,1.9164300473780137e-06
674,0.9999927262493532,9.351795713744612e-12,2.5366863775647264e-06,9.558510242506262e-11,4.014000652045146e-06,7.229546989706101e-07,1.433118656811266e-13,3.831924506777323e-12
9391,0.08988963957095923,0.00942034974982671,0.37200407598075214,0.001566140510997512,0.0015086770364944675,0.0041692447402274105,4.3969427821429804e-05,0.5213979029829215
7712,0.00017660390241548644,8.427516729100439e-08,0.00023288423523843554,3.486218210604852e-10,1.979908865412177e-07,0.9995902187996611,1.0792172885151867e-11,1.043721738884863e-08
17681,9.503099339242455e-06,0.8802159373655052,0.09785869809886832,3.3760947210931236e-06,1.0213845423871608e-05,2.9825030051593423e-05,2.8374515679857454e-08,0.02187241809156143
15221,0.007101538310999358,1.3767990436806734e-07,0.9928441362118763,5.973052919201254e-11,3.040190175715811e-07,9.71008607213254e-10,1.587565404388812e-08,5.3866871812752004e-05
11436,0.0020867877607276763,1.0792210319677977e-05,0.07563094866854164,9.058719956372197e-08,0.06732667780071731,8.65212825108481e-06,0.8549357803281914,2.7051605999623723e-07
23356,0.8280765066930618,0.011289396475735045,0.022360879532900318,0.009814300624590405,0.07812387457227245,0.04070407873485056,0.004154691726283468,0.005476271640305493
25632,0.008234947376315145,3.0613781265656044e-05,0.9910726719954968,5.980658988222948e-07,0.00024198775276729588,1.1568924519982117e-06,1.7138325663286648e-08,0.00041800699747509006
11684,0.006179511978386945,0.0014664399077897405,0.9860273688545259,0.0018604374663166515,0.00047170937202682857,0.002019531954527753,1.047497160869562e-05,0.0019645254948165345
14883,7.067078175111131e-05,1.5765061372542018e-07,1.8451329507419404e-05,7.420021154699762e-09,1.5438341743149055e-06,0.9999091155700598,2.174838795680185e-13,5.3413634267226944e-08
20302,0.4519301518430618,0.07179377160221928,0.1640653114435658,0.03339079556727326,0.04472884569546658,0.11989579445363337,0.012863539054061025,0.10133179034071844
21899,0.6231733951510445,3.0050511910920974e-06,0.37397328245372713,1.3897524096681112e-05,0.0028291351506374777,1.1409535576984631e-07,1.7536491367766962e-08,7.1530374649935225e-06
15954,2.4370096352969803e-15,2.6770399866146886e-16,0.999999999999929,2.0265312070492458e-16,5.779120292633463e-14,1.1678278993624046e-18,5.613846321530227e-16,7.74664096561741e-15
16830,0.7652418994097645,0.0005912669096493324,0.17048848602830674,0.0001770345262534025,0.00029997590424477526,0.001955064507638368,2.8956977241933705e-05,0.06121731573690474
12111,0.0011869263009397508,3.951002049554244e-11,1.0153982911815468e-06,7.469749964832081e-13,8.941909168460248e-07,2.8007563726072595e-13,6.397871073572818e-14,0.9988111640692242
11862,0.6837051609928624,0.0011217024198011617,0.12433782917108248,0.17203565694920464,0.004506471674382921,0.006055273125282995,0.0036383334098949094,0.004599572257484459
26342,2.9410492318666264e-15,1.8569666166925818e-22,1.8098449912029038e-21,5.782694346950218e-25,4.49986536764311e-23,2.228110771446857e-25,3.03694179121042e-25,1.0
11683,0.000598795029632208,1.9225755164005927e-11,3.3990850009462578e-06,6.473080156561695e-21,2.7441835338395815e-11,4.154905499899128e-25,7.50053298766822e-11,0.9993978057636838
20741,8.322669947726126e-06,0.9813571412754643,2.368538826682575e-05,4.1549637360019434e-08,1.6306672414326733e-05,0.007312507570011852,6.095405669252592e-11,0.011281994813301315
3927,0.9764639218966327,0.0006995470901892367,0.006272614060775007,9.967822207653246e-06,1.6783133082754616e-05,8.961161731645852e-07,6.173098677082481e-08,0.01653620814994782
17864,0.2707214080096713,0.01296381943110206,0.49387398266281995,0.007857752544970011,0.13058573594421682,0.026046127890562504,0.0022918410074675784,0.05565933250918915
21896,0.6035570031417112,0.0021747623288432124,0.010851313146319645,1.458070803485248e-05,0.00016995108267571634,0.383057550363919,6.366534952303885e-11,0.0001748391648415784
13268,0.4417648224973332,0.06814558012268977,0.15379108054772722,0.02498691078447811,0.01701891231872589,0.08386677299930592,0.03789797787371945,0.1725279428560199
2521,0.30355822137286487,0.0657186472295979,0.091113929266806,0.0003615851142996649,0.003474615578364773,0.013635263028369,2.0428304947764485e-08,0.5221377179813939
27553,0.3189713801674724,1.2793067796756928e-05,0.5159331345575522,2.664350232516449e-09,3.640045589218557e-06,3.132396679780327e-10,1.7142873865107692e-06,0.16507733489660723
7341,0.0019485116049820384,0.2012631865968656,0.05552392487642209,0.00043994732734579315,0.0018989832501355433,0.6495482662707426,1.4456340107228955e-05,0.08936272373339497
17027,0.0034454516078497536,1.896700998555024e-05,0.8172529905976719,1.6858319993861936e-14,1.562073070961042e-05,9.1410924422589e-17,1.675088539289347e-08,0.179266953302878
23178,6.9031535600196445e-18,2.9656174797648783e-24,4.745639142688486e-23,9.128576119515056e-27,2.524024798293732e-24,2.5831606158675593e-28,3.4686667905301923e-25,1.0
17738,0.05747202511609551,2.3349485340987695e-05,0.7993391040873977,2.9008948477031298e-06,0.0013498831745256067,0.14178636289643756,1.7600899875103196e-05,8.773445476621295e-06
148,7.896129819703282e-06,0.29456572489890404,5.156956033036093e-05,2.816292414207216e-06,2.165517438245174e-06,0.705333724970279,3.2258061859413564e-08,3.6070372765878026e-05
9508,0.528248217909599,0.0634759832131298,0.13265156646087312,0.029445626718100776,0.039581341257689515,0.10609767341726954,0.011393062868701362,0.08910652815463685
10373,8.833952296274805e-08,6.895618126736379e-06,0.9999922790015814,9.267025036201271e-12,2.6769832400297885e-08,2.5733786658298617e-12,9.076331507800773e-15,7.102590908651912e-07
25597,0.9997525285893879,1.6135039272896064e-08,1.6945445451667788e-05,4.662233564484544e-08,8.921141476385941e-07,3.294105087704072e-07,7.446949857345651e-08,0.0002291672136298855
16300,0.4163189471117436,0.006951235829593853,0.3458656378220766,3.482764494808299e-07,5.413334984285427e-06,6.291441071403223e-05,0.0013205790613967365,0.2294749241530409
27369,0.9955488808188261,0.00010436365317582494,5.754844422026505e-05,9.960529339700632e-06,1.9398193822096173e-05,0.004216992071548245,1.0175391623871836e-05,3.26808974416752e-05
23931,0.0007261864390990535,0.043696872212984614,0.9525880210574079,1.0165753762817824e-08,0.0027807533030275527,0.0002029941047071157,3.8755273759612205e-14,5.162716980601755e-06
2811,0.00942906774865221,0.00012555140071483607,0.7945431813234269,7.303765669487532e-06,0.0003399117943443597,0.19555438467772976,1.410089944398012e-08,5.851885564791218e-07
27886,0.05378941548372534,0.6733805371047111,0.0654853130413013,2.510646444883834e-08,3.604827178994458e-08,0.09053642586195801,0.06020930376806978,0.05659894358549779
11216,0.0003072293346435677,2.232277131673662e-05,0.1794782777020579,0.035392291794013396,8.416742911018627e-07,2.2743544627001645e-05,3.488874571701354e-07,0.7847759442915957
26350,0.5149686538804435,0.009416329283420405,0.43935010403354385,0.002593387365018068,0.023110965342972984,0.0026045023212701705,0.000327529291263087,0.007628528482069455
18496,1.9350841668559822e-07,0.9999587753288574,3.8077291629259175e-05,3.0428741604525643e-09,9.850294559247862e-07,2.547105463489053e-07,1.360829902791334e-09,1.709727398711024e-06
11059,0.8998408078472325,0.0016103387218883642,0.01378313489907219,3.5338623610874494e-05,0.00016834630884711522,0.01003970530037951,5.045078315236663e-06,0.07451728322064267
3724,0.30355822137286487,0.0657186472295979,0.091113929266806,0.0003615851142996649,0.003474615578364773,0.013635263028369,2.0428304947764485e-08,0.5221377179813939
23381,6.986535411825457e-11,9.778908739328672e-08,0.9999808835852639,1.0255656708333662e-13,1.6173869314825986e-10,1.3361060750947964e-13,1.3599675546297323e-15,1.901839378568611e-05
21234,0.849671914537406,0.00029410241937572406,0.14931016166088684,7.908916829829043e-05,0.00023824420492539878,2.7424357000788042e-05,8.566839108325676e-06,0.0003704968129883828
938,8.123444070960505e-08,1.0208434288119398e-10,0.9999999185836292,2.6420617047201593e-11,5.1017996703175545e-11,1.4812909689506056e-12,2.3086303392092117e-14,9.069559902598639e-13
4334,0.9999996069636472,2.567213393998394e-14,3.9301793806485905e-07,1.5856604132694687e-11,2.5304048416293714e-12,3.0363471247608894e-16,4.56110733726971e-16,2.5463400026827612e-15
4069,2.6692519214393706e-05,1.5826074826691138e-10,0.9999732815832324,1.5750626287434926e-11,2.5694315278840542e-08,2.969630213156314e-13,1.5311953951827035e-13,2.8757840910978316e-11
24307,0.00011140473865160222,0.013859921605058525,0.96311730272281,7.92734246159622e-15,1.0418836056407652e-06,1.5257805612972304e-17,9.921854093116186e-11,0.02291032895065765
22936,0.021928832052515064,1.974820064826194e-05,0.9768111587515785,1.1150583052901199e-05,9.288549202057629e-05,4.857899221992711e-05,3.4935158530315946e-06,0.0010841524121180154
25232,0.9999997737073131,5.180210980082005e-11,2.2468875951492349e-07,6.402015430373942e-11,6.920709774687739e-10,3.5965061860397525e-13,3.3882990858822778e-12,7.922976471789058e-10
15502,0.9898478129534374,3.434953294581109e-06,0.002583564058389215,2.193765003923713e-06,0.0062923473607880065,0.0004152551670273655,1.2410564110064034e-06,0.0008541506856437763
19844,0.2996245577039378,0.01800455333433478,0.2826247288237452,5.6922818947520036e-05,0.008200093694166504,0.3380881700675419,1.1619436766640724e-06,0.05339981161364958
18653,0.9956433567151123,6.045735996073681e-08,0.004355810691409292,4.1884847485100505e-07,3.300164025857996e-07,4.808154340570326e-10,1.608208251448069e-08,6.708334866564892e-09
4301,0.9993926704326059,3.275401270289221e-08,0.0006035313652563116,3.2041663969909924e-06,2.5468064530541627e-07,1.169202436215247e-08,1.9758352231452598e-12,2.949070922732567e-07
7442,0.7541419171064384,0.05670304190707813,0.14058910340736905,0.006125637227796798,0.02683347295235902,0.002471294066347951,0.0014891152773094448,0.01164641805530125
20280,0.6435813000054185,0.002219037945727766,0.02827918735888366,8.150314983088877e-06,3.545588659904903e-05,4.481965416648628e-05,2.6150031288522255e-06,0.32582943383110247
16866,0.14803952583641453,8.258163571691195e-11,0.8510104260274725,1.3852317695060613e-13,1.5723418682127531e-07,8.027997665090756e-18,1.688926266602539e-06,0.0009482018929653143
6461,2.6396280417450113e-16,1.673694563813425e-23,4.081092315142724e-23,9.267759879491876e-26,9.639986211421489e-24,2.7540008527278667e-27,5.785809336111462e-26,1.0
8166,0.003039315774274033,0.0015720896647344906,0.9933889413900351,7.461687240762716e-05,0.0006442027827029039,0.0012679602691989139,1.2739723999715247e-06,1.1599274243533434e-05
10390,0.7419315042283791,0.004844474348544896,0.1808265184839437,0.0001405846570608489,0.03258330642858666,0.03396082187317806,7.172134980550205e-06,0.005705617845325802
22095,0.003117713130434269,3.960931003277297e-08,0.9968810994716084,5.215624191978987e-10,1.1469302407474962e-06,2.0848604425097424e-10,6.295389784975417e-13,1.2772880760728594e-10
24640,0.37316687260377185,0.033825012765136594,0.15888522224073948,0.011428258186210946,0.09498001397343789,0.1151263566246579,0.005369463660215761,0.20721879994582906
