Host,business/finance,education/research,entertainment,health/medical,news/press,politics/government/law,sports,tech/science
27997,0.2090283122341667,0.2242188102452928,0.36095981571221414,0.01234273709220131,0.026395283202544122,0.023380442319353024,0.030129530604352136,0.11354506858987573
9316,0.24636944264045885,0.06736171698432235,0.5036972933324207,0.011423694080637545,0.025304730645025673,0.024604960430640904,0.0342504070556443,0.08698775483084947
27045,0.49498242747942084,0.022161610289160673,0.37724641765242994,0.019020384171841917,0.02962592206232834,0.011819601423503467,0.02180071356456034,0.0233429233567545
19805,0.12759665205927315,0.07737992316277412,0.07619563808289928,0.5075577711913877,0.027459963162187854,0.1068499102510415,0.0172792656386812,0.0596808764517552
26580,0.06965381351416272,0.16978384797074084,0.3363543172976664,0.038537585221697576,0.09598786304488216,0.10933627824945537,0.014841886040767164,0.16550440866062768
16886,0.18854649916315191,0.04472017331938993,0.5260872530920979,0.021536229266377917,0.03714075502965202,0.031142420016253253,0.02417736991118839,0.12664930020188872
27931,0.2880083656382463,0.0564681933922024,0.47114427457862995,0.018409868208846436,0.04137137792413832,0.06277154549260888,0.025130708148878685,0.036695666616449164
8977,0.2511917112693092,0.12601249222192198,0.27150455346862057,0.05304858639633465,0.03744979845325713,0.09742988186303203,0.03169222959558978,0.13167074673193457
20285,0.09232509819756146,0.09293534222665993,0.40764625768585305,0.04049771146230088,0.03918078500249004,0.08184979869413717,0.17892468746953583,0.06664031926146174
2427,0.26236325051874804,0.2144724040738274,0.22313548861165974,0.02954465819174595,0.02735289331711994,0.045127976579598376,0.02648806098600395,0.17151526772129663
1324,0.36434104429793873,0.030031586178587453,0.47244620723754666,0.017865716526990316,0.020022239484696846,0.036370166152998394,0.019024224950349243,0.039898815170892325
25006,0.3849322120248253,0.10373554679882091,0.2023655265186598,0.03155550294769625,0.025697600570277757,0.08680753158552745,0.036816704346848424,0.12808937520734417
13134,0.4679412921909276,0.03406063314713065,0.11342680117334268,0.0836796446284772,0.03422848742909131,0.20883482791048374,0.013738897928753987,0.044089415591792865
11834,0.6703331555314409,0.02539164318391188,0.16748607992326825,0.029378076482914885,0.020985850931125326,0.028589873037422213,0.02058013779179759,0.03725518311811903
19930,0.24679092619655627,0.1692389412886509,0.173873998356099,0.041580825734726684,0.02394079638453154,0.22664037202870616,0.026759118758133117,0.09117502125259637
12212,0.39365165625457194,0.023781418199612703,0.28589544590277516,0.037883271021379075,0.12323564728529014,0.04310646138850032,0.018260401884355217,0.07418569806351542
14062,0.03314960611161062,0.016790043926080054,0.02870660495482147,0.005265767104126173,0.005538504299191857,0.006351124588520656,0.004708135879040573,0.8994902131366087
18965,0.273482805665853,0.05542863510114299,0.36707631704860977,0.017897200631174386,0.033039500238701225,0.14805515355638288,0.012500852192485815,0.09251953556564997
10744,0.4068389204329489,0.0887768073909044,0.1758216455588432,0.06546735063978378,0.022678630996782512,0.1348433272488937,0.01898579524291226,0.08658752248893133
20664,0.1342000778148271,0.0806784747041154,0.4582649123294886,0.0306539736619445,0.039733682001243296,0.04511860487586828,0.16295104154057202,0.04839923307194083
17021,0.3199764895193514,0.03680127347020281,0.2036298148871129,0.022806653937312585,0.11992180868563326,0.026746170120068274,0.03172100738446245,0.23839678199585632
8212,0.4005542840100239,0.04604825974124562,0.41212031361998347,0.009863031209026535,0.020631398639834514,0.017092840307538208,0.024720466481428248,0.0689694059909195
20736,0.42881823945787817,0.05158597307132929,0.28007561310582124,0.05800105108032271,0.03466311088576448,0.049249353087871275,0.03302170978586936,0.0645849495251435
11963,0.12918980602167066,0.08113962143943741,0.559605522235863,0.022150648812890677,0.04389580042588725,0.031554448287113374,0.013343192677366982,0.11912096009977062
12970,0.35163298119935743,0.10562476253521777,0.24806097142374214,0.02769943727765779,0.029400140947405805,0.07134505530161077,0.012329278223565039,0.15390737309144323
19053,0.6630670851548526,0.028703689767188893,0.13690492228995937,0.018784877168191206,0.030496295431608568,0.023558328023928272,0.017155863292728873,0.08132893887154231
20877,0.04835476756390161,0.017615783798875934,0.04571871671940613,0.020090988138605062,0.011413818050690425,0.8361767938370087,0.0055070232967038,0.015122108594808356
6688,0.24729402867441935,0.044143392686759465,0.3195190648835208,0.027597535032104843,0.1728687583566826,0.041389063691020495,0.09482045632468905,0.05236770035080329
1485,0.15476057724632777,0.04076411154909113,0.26547177802681227,0.030162493713637873,0.03593382128794239,0.43130017146613153,0.014450727038179415,0.027156319671877573
9915,0.04997822381114081,0.026194169425267064,0.8577916080746465,0.012383786741360444,0.009848003310516858,0.009447279630541651,0.008236034579292149,0.026120894427234646
2785,0.32736658430290244,0.04842513097220219,0.3657512982167498,0.02614427011717546,0.06273484793402116,0.03403035568388152,0.03795840965716079,0.09758910311590673
20128,0.07065655879906536,0.434618037483972,0.1364210408186133,0.04395771495997806,0.027018433748643312,0.10404881510153541,0.013945636792537878,0.16933376229565483
12295,0.6629437502542143,0.04885090014726446,0.05378447492429981,0.02541457358620723,0.02435769401910704,0.08234212147459695,0.010631805176030457,0.09167468041827985
14567,0.2994821766934925,0.06859056821435154,0.3738466215164722,0.0336866978006705,0.02707128690633992,0.06899342375469444,0.023672856612514972,0.10465636850146406
25052,0.34740839394806056,0.05491615419205264,0.3698653346380729,0.02119789521002684,0.015141555786203813,0.04040111225926017,0.026690146183875434,0.12437940778244759
25689,0.687764117175747,0.0333554743451533,0.08319515647690934,0.05313111617250013,0.02991772560923927,0.07591618683164571,0.017812052835919807,0.018908170552885295
18873,0.13279623872881482,0.2846396262047195,0.33948304218724257,0.012472426388531892,0.034489186132001914,0.02052725372841596,0.02856075252231494,0.1470314741079584
18451,0.06964137425161483,0.057150137285934585,0.5802578525397193,0.014724504140091136,0.034422874899530866,0.030260193934748176,0.013084570214130632,0.2004584927342306
8422,0.5595894333645893,0.05054873461889902,0.17776895658255973,0.020482997943577542,0.03865420894736624,0.03449951786539181,0.020004863107226614,0.09845128757038958
9199,0.03020269419970718,0.022155148921392222,0.042397457499814016,0.006175022113035845,0.009274609764336141,0.00824646916000999,0.009502647470190372,0.8720459508715144
9941,0.26290377904780826,0.035409426279875145,0.13816473419152756,0.008177982836578446,0.017300642289992976,0.011109384486242243,0.021967551604435392,0.50496649926354
20517,0.17184569095135993,0.02112186951525035,0.7279366556032711,0.010888347586711644,0.02035056206846435,0.011924861872354225,0.012366734085277959,0.023565278317310544
12718,0.44252515379581103,0.21521086094876843,0.12463652895043155,0.013013025447649188,0.037742489696986854,0.02150338768655763,0.036893547669675744,0.10847500580411953
1681,0.26823884171023143,0.06853366858891441,0.45543761193677673,0.027621514159991183,0.03788870357384781,0.03801696180642238,0.027626927254252007,0.07663577096956399
4828,0.07268618853896444,0.44210285624315276,0.07368471089221795,0.04235433748973943,0.018950086086695826,0.133756632962446,0.014470984252677205,0.20199420353410638
22986,0.7932634017702511,0.011580902632687918,0.05599308652857655,0.02219312150366388,0.013930708044089336,0.03275088958508124,0.011311927006894972,0.05897596292875491
423,0.2450930577455232,0.022156895055315155,0.6413504312079197,0.008670469309763945,0.02764149960208503,0.013219866952477559,0.016890292279044417,0.024977487847871092
19294,0.30701070342174713,0.03909258234310664,0.4798916284942603,0.02970287748828635,0.05322253424680056,0.03466461172847911,0.014314641363985657,0.042100420913334206
6354,0.16344075708714875,0.05851447310622331,0.2043930626614635,0.07647907752479435,0.2259353995662326,0.15128169957540724,0.02211959196024454,0.09783593851848574
4086,0.5018676547957336,0.0554515650632604,0.21308666853619088,0.012905694161355133,0.025072203115175353,0.019188150812076397,0.03733455604581803,0.13509350747039028
3146,0.7733026125263601,0.024746109171652785,0.09193495245547331,0.008068420947162487,0.016357368888432887,0.015942171837309966,0.017176825318597242,0.05247153885501129
8759,0.273482805665853,0.05542863510114299,0.36707631704860977,0.017897200631174386,0.033039500238701225,0.14805515355638288,0.012500852192485815,0.09251953556564997
1358,0.554358542943299,0.03189838518681398,0.16545725858196247,0.0316410021940433,0.08264729563466482,0.042340770250714345,0.02591855186117261,0.0657381933473295
8466,0.22577372739130958,0.043128193233404596,0.10598776103774891,0.054376078089919386,0.04133513430735642,0.4695950694869573,0.012470695612578499,0.04733334084072541
12664,0.45151179089478083,0.06393186973826231,0.2319068094503108,0.014754248001104257,0.03303214400987638,0.04172812448682404,0.023395271147322802,0.13973974227151859
13113,0.23626577120250872,0.12794928071179765,0.10377335737162868,0.0434504239263306,0.030401633494112887,0.363815417514086,0.018166138005388008,0.0761779777741473
24532,0.7915407312824071,0.021119101216296416,0.11152570608792317,0.012749960012194951,0.011471441675645145,0.014301614963864432,0.011800799052492227,0.025490645709176408
26881,0.3673491057428797,0.07455939005595351,0.22185820571881532,0.04996513705488741,0.05431127374402282,0.14068728992757634,0.018404388226261906,0.07286520952960292
20970,0.27958539411225874,0.08163827572352261,0.24029581793937918,0.05189993813989538,0.04581863822837532,0.21355618844268534,0.01947791180547114,0.06772783560841225
5951,0.3111817662687718,0.03965061932703374,0.26066233582149795,0.03212054570707679,0.03215434948456752,0.26153438174258287,0.014497117551276164,0.048198884097193216
2547,0.038916769737174374,0.016703359323363202,0.8915418318989895,0.010371787025726492,0.011576828327449338,0.0071115111709281285,0.00709704087617447,0.016680871640194418
254,0.562511439101925,0.029500070549112013,0.2207002872907303,0.02688449163665906,0.04005018642513432,0.03918082568779203,0.02672236866799227,0.05445033064065506
9824,0.6565784513184298,0.024066348223932218,0.20569211156691591,0.006962939032019118,0.024492229663123446,0.010588492461523267,0.025873342907570325,0.04574608482648595
27314,0.1884359156428595,0.22588529061129747,0.08470631198265237,0.03429489803194785,0.034927612330095455,0.104807726973974,0.019548727256028273,0.307393517171145
13643,0.450129011720654,0.07910151952702572,0.15829053684874672,0.04587438533404394,0.03453105338914388,0.05069630102413048,0.023813276189132978,0.15756391596712235
7998,0.4858233979851791,0.0500229034461977,0.10512584390004004,0.06676256232107318,0.044019037804652,0.13245875848316369,0.012333757761914784,0.10345373829777946
6742,0.715759966496704,0.019510075732269448,0.15403963239524812,0.03154302030382005,0.01945440942796487,0.01834943067420782,0.01539256518932288,0.025950899780462708
25525,0.2786155531054387,0.05439695278363134,0.31394656158827144,0.04003540208319009,0.043293663906688096,0.05462699280041361,0.020977526481637473,0.1941073472507293
26065,0.11606121691192978,0.41739829240539994,0.08645030507403205,0.037154758913886275,0.0670133079020023,0.1415067916108255,0.01884491662234029,0.11557041055958385
997,0.08474263112485256,0.4137032436934711,0.1244620395187276,0.018129873944367846,0.026758763699193132,0.04514168728702027,0.01792284488565199,0.2691389158467155
12263,0.7400036464626497,0.040666487232431534,0.04937897526327833,0.009048283396219393,0.019795050461364528,0.014961659918066155,0.017333729098320077,0.10881216816767028
61,0.2323401381150373,0.10744678509296295,0.2781601198980379,0.04775750029158155,0.03299422432091389,0.18636905456964356,0.03714369499388098,0.07778848271794196
25885,0.02895872485236826,0.01567464137725714,0.03203077380524877,0.005128090303710543,0.00615217464351577,0.006223591472018178,0.006082338264984603,0.8997496652808968
2671,0.3167624587556334,0.06744540611856893,0.20664477834929088,0.06882183035201161,0.032161437354295434,0.20896507480677107,0.02891298649089018,0.07028602777253848
10244,0.30764061735670567,0.023168160302466236,0.48494425176392536,0.022800308953736474,0.04835934084055931,0.049572903892833364,0.01717956956115009,0.04633484732862359
11011,0.6495915503876791,0.0460035316251539,0.05207813927430622,0.0500764289670663,0.019048647525724407,0.11461951104205216,0.010523482261481103,0.0580587089165368
346,0.07392827815137376,0.03126650923818642,0.7676906510496923,0.014136920750939167,0.06295560198555163,0.014662353702528193,0.014063158799078896,0.021296526322649615
21405,0.30757537722006373,0.056862865885693954,0.39369197276512113,0.03398728644536454,0.04609834213237433,0.06432462858268936,0.020869187315808387,0.07659033965288459
20226,0.16844907759104616,0.253779066370901,0.14823121144319254,0.06024908133511477,0.043068983184611664,0.11137522744607456,0.01743889389377748,0.19740845873528193
24838,0.49852946242741614,0.03406579448947327,0.31617812616528074,0.022929256664506383,0.023683653077870535,0.020629397180997523,0.02094377961870111,0.0630405303757544
5742,0.15943221774323668,0.14864014270554243,0.4814460508516247,0.018126555949768697,0.04819452375928878,0.044884441322009784,0.02030746994099596,0.07896859772753292
4758,0.24235730622869306,0.06578337017961768,0.4277663129586711,0.04249994584933503,0.02700512666690089,0.10260524597464375,0.028815809313438714,0.06316688282869981
15401,0.8100644833944681,0.013824350576318542,0.07929931694095323,0.010774077628424422,0.01884384441765127,0.012858818627978018,0.010464312673584707,0.043870795740621644
10797,0.5385228740331192,0.05931776470433286,0.13431079734322313,0.011720631917122722,0.0242365061866829,0.019295434347558867,0.023035399788503354,0.18956059167945688
21942,0.12654157557355328,0.09889199533425783,0.12125829496770184,0.40860255061147355,0.04884202203833501,0.07747896044963694,0.02631180669204868,0.09207279433299284
23539,0.5143853129606322,0.03320326936013539,0.19170583792498574,0.03169784807534951,0.032638581787476674,0.10848231732550115,0.020756401516927012,0.0671304310489924
4098,0.08741752447748224,0.28393289465904314,0.28699124431475803,0.03530956531448957,0.046957399551025666,0.06970257403608308,0.018217732565444598,0.17147106508167362
18289,0.3003143707110539,0.12047723360812151,0.3192119789094526,0.04612692031519582,0.05556436267051877,0.06497866791082527,0.02441681634384695,0.06890964953098525
15969,0.0663081406650336,0.0202711251718841,0.8258095056677264,0.012517790504487297,0.02196863125906302,0.011101015973699115,0.011782819436104543,0.030240971322001948
3905,0.11580133563635782,0.22403895310886618,0.1317689845116742,0.15163114688900495,0.06357145844373914,0.06176762150406089,0.02759455852492102,0.22382594138137582
21989,0.15201590377859361,0.09352765105747383,0.4842992607073505,0.03562827750885193,0.024574419297746383,0.07606268210084129,0.04306553784766992,0.09082626770147258
26547,0.29222960450701524,0.05769581814778027,0.3552604514090376,0.02503684250878048,0.0280422851299536,0.1204360224965693,0.015906464850211553,0.10539251095065208
25153,0.1397120624308117,0.05163728081562696,0.36694161553434457,0.022827756569475652,0.23274438326491698,0.09695861255973333,0.05947600964099736,0.029702279184093502
9706,0.1436419842841903,0.03357913196770144,0.6701465804900736,0.017151747292057616,0.05974836708476015,0.016636805220077565,0.014335099797377373,0.04476028386376192
11655,0.380399105296258,0.040273424390728785,0.4297602346962235,0.01989326606963524,0.022165129376065434,0.03589413838147141,0.022279312645661783,0.04933538914395598
10887,0.4135869892546417,0.10216066464062765,0.21167789718416477,0.02592606771510362,0.031832557654636,0.07235162392773566,0.022647091972302007,0.11981710765078842
19087,0.17143871024989268,0.06930207332205177,0.3162445137436711,0.03157638315383028,0.03025239774601115,0.058121375315509975,0.02451969846092318,0.2985448480081099
22570,0.8023272437613588,0.013975730083786886,0.13020194899453127,0.006006631966690081,0.010882724026620048,0.006848732418483512,0.012257581497818233,0.017499407250711262
16588,0.5964744536522808,0.022040115870261952,0.11942546329113898,0.024176671436342324,0.11051751614072801,0.07573199636953366,0.01580179397348858,0.03583198926622576
19524,0.32503501044003674,0.10316972784099719,0.21692703422212908,0.05540809664151023,0.022408229234305382,0.04166983640500916,0.017261564363255513,0.21812050085275664
27327,0.14928487602405607,0.35292950212720636,0.21291377231941333,0.030916360891998566,0.03106045561823617,0.08063952754255357,0.018107946978760996,0.12414755849777492
9802,0.126219230949305,0.09540130656939995,0.22130022888081657,0.12566108459840758,0.03108311244386856,0.27785692114974225,0.02517213690349197,0.09730597850496811
15658,0.092055895696453,0.39989092511613067,0.07641997198185096,0.030765189317882274,0.02229297393862682,0.02786844157945005,0.015624297218871363,0.33508230515073484
26686,0.6800089621614226,0.02361787323659385,0.19117804773097313,0.025742194072052398,0.01535872097657273,0.018544074046997917,0.014560523622475684,0.030989604152911836
27649,0.08060320057987967,0.4167101760216148,0.27244630112144913,0.018002431542931352,0.02014841393519067,0.063748320055166,0.016700589389130816,0.11164056735463763
21404,0.21390281063363836,0.24550889861961792,0.18468144945045978,0.026625661296151848,0.018929771344157964,0.09342203392756057,0.06098904781149316,0.1559403269169205
4928,0.21218349986798826,0.20839481208165106,0.17830277107418868,0.01619952374713821,0.024956190136780212,0.027596403548007672,0.03056491390491615,0.30180188563932975
8701,0.08210173455322829,0.06949930073932997,0.05808807320936603,0.38384331153712176,0.03011526216598694,0.30060558689292743,0.01481252991272506,0.0609342009893145
9444,0.1164612526779282,0.03935762660483657,0.685405119552682,0.00796378470098328,0.04991272346200193,0.010475893107658075,0.03203993519337121,0.058383664700538705
21570,0.24884892648887683,0.12177824549615998,0.24968322106034557,0.19422247144223473,0.03331935666567836,0.046176081203972014,0.025549281887523197,0.08042241575520925
6154,0.03337087672593829,0.018366287904789527,0.027862544636099294,0.004773086262449774,0.006872002485038465,0.007164387556449244,0.005368908051092145,0.8962219063781431
10861,0.35163298119935743,0.10562476253521777,0.24806097142374214,0.02769943727765779,0.029400140947405805,0.07134505530161077,0.012329278223565039,0.15390737309144323
10233,0.14029582516746558,0.08243778689523742,0.2875603590518432,0.13178954771509643,0.07386799512954467,0.15834060565812197,0.024022774706462673,0.10168510567622796
6066,0.341082619742722,0.10871598706113082,0.18046159456272545,0.06680193879463028,0.03850803377807459,0.1778588881800739,0.033611654162643646,0.05295928371799935
18155,0.14258688343142753,0.0814357581156516,0.3082580295986657,0.06527815584302116,0.025279257764585127,0.08921411599649914,0.02383768195648859,0.2641101172936612
6871,0.6108452843256131,0.03571642876301635,0.17081916014455092,0.027214281682382248,0.031319088527509385,0.04754526998300876,0.02517553129276747,0.051364955281151696
3553,0.10076350929461685,0.07652707538587201,0.6318600322821216,0.021168223312415697,0.04575582125499469,0.03819878348562053,0.011010458176569166,0.07471609680778946
16463,0.32791773854720807,0.04772139967438678,0.27165310094163625,0.03320235892577229,0.0218673847270733,0.05473147297306514,0.025075762989465594,0.21783078122139257
25967,0.18862904614546633,0.04174898023053913,0.11085630344263853,0.007107365659811564,0.024796834889963055,0.012238441875033887,0.0244833609877872,0.5901396667687603
15172,0.7564297318560355,0.014942803990403063,0.12082712055802314,0.014947390311279554,0.017307237083882477,0.021416680212499987,0.012143333836010009,0.04198570215186649
2591,0.1965904512240867,0.03645394324920625,0.6570456703790282,0.008279093854580725,0.028075526299216787,0.011259276142668955,0.029260327229198857,0.03303571162201364
12863,0.5493922733537906,0.04651445231642668,0.23278625851827248,0.019136538367601517,0.017773316520938654,0.0376508685313663,0.0181370823593137,0.07860921003229006
8090,0.0739371375210217,0.04153327311802863,0.06424004324129232,0.02195971836959852,0.01786820052669572,0.7524719791688396,0.008914899167134177,0.019074748887389335
21348,0.10480193614953921,0.293449385875455,0.15678348857007302,0.05208676573373338,0.026203974792357265,0.06751771035242597,0.020396542793149133,0.27876019573326705
21588,0.1555182379540235,0.10418328766914788,0.4934623729463749,0.033240613960292285,0.026871620216194988,0.0774174563429159,0.031114041746981704,0.07819236916406877
23497,0.38667062512214484,0.07531444576898463,0.24338136152142134,0.050871518554414304,0.057772235859657635,0.09354260353803202,0.023548820237692385,0.0688983893976527
11245,0.7307779160840382,0.03087839999877608,0.11849235722685401,0.010621645240033279,0.022761350598980774,0.017023875587181585,0.018423247015433044,0.05102120824870314
19097,0.3492953224516422,0.059151911567902234,0.14646895750489203,0.008635117155884522,0.02735868321926807,0.013431266464252505,0.029850509410449578,0.36580823222570896
9062,0.17376031770410755,0.17398652105302884,0.235123450843066,0.025731783610099694,0.030405919208750378,0.23131498568186362,0.03303816661560095,0.09663885528348304
11896,0.2811413434004202,0.028723148881066845,0.5399538131769306,0.023937534874540277,0.0270691671972379,0.049782811748728006,0.022569788502028718,0.02682239221904767
11336,0.13159307868643094,0.014633298144302675,0.7697184824812829,0.006404093936445658,0.027777656714954704,0.007397564090147271,0.015332051800040186,0.02714377414639554
14563,0.33172766482708743,0.07781160195811247,0.38486022778360296,0.020291552643640437,0.025075694915052408,0.0398804057454077,0.03050105996413533,0.08985179216296114
7410,0.5399201587630813,0.03391159172849976,0.08293814630422242,0.03205977448828741,0.032874148727878916,0.21891252199317285,0.01231199843938743,0.04707165955546992
19408,0.2840233994934417,0.05490303075264631,0.1560005739103698,0.03286693200333841,0.1363505349355994,0.0854083469220271,0.022570204632330167,0.2278769773502471
2586,0.5349118584565186,0.03918005830335388,0.06542204412548276,0.014267027897609919,0.01963217390474491,0.01650023105682481,0.024392146234824195,0.285694460020641
15151,0.09872657273352664,0.0772219335867978,0.33040249670566385,0.024390536484906827,0.017795298332676877,0.047685872312217645,0.026214440260951665,0.3775628495832587
3504,0.12910988554677663,0.11319235628814527,0.34695910697628196,0.014997333134809065,0.027648759694889603,0.019839253996037753,0.037498383285595745,0.31075492107746405
10419,0.15229391641791887,0.134307034069072,0.17150219568177172,0.15283788276020688,0.06025531467100324,0.1493095931422523,0.018922674735582443,0.16057138852219255
17618,0.2466985793435393,0.11617571136583375,0.3415787323698207,0.011271528187460363,0.03423253212499601,0.022790136206243008,0.02581987161333015,0.2014329087887766
13560,0.2830069912860738,0.05268075013547953,0.4122864911697185,0.022570107206834465,0.03045282038244786,0.04231035237154586,0.03426561126758869,0.12242687618031138
13984,0.040501559219355436,0.19575600064952386,0.0609919484536514,0.02686407812016982,0.02092855632784217,0.5926931444404316,0.008988278407752768,0.05327643438127295
9819,0.13395825174782594,0.25793936464130973,0.05465071839667637,0.013560755536809774,0.029893378408583377,0.03225426771281509,0.015392986901112753,0.46235027665486694
23949,0.17117827494215157,0.04794733219828226,0.6001229591036336,0.01507052307048079,0.04695262012386863,0.028134446525873706,0.018359274879792616,0.07223456915591686
15002,0.12239629536459837,0.13134827052342074,0.29315173675079303,0.056008812400156385,0.12000743458510701,0.060944568946468214,0.019098458820983998,0.19704442260847224
3875,0.1255386283626236,0.09317965579960273,0.42815353009366797,0.04571455178040687,0.07353541430431904,0.058575643463983085,0.02635878736436074,0.1489437888310359
26471,0.1697090606660653,0.09127062436056932,0.4103505596746465,0.062242180563459135,0.03962802328326931,0.072276182929642,0.028386765115199507,0.12613660340714894
19885,0.24112004419014232,0.12933285384841778,0.33203317096658036,0.038418470731624306,0.02582740322479745,0.07850399545704004,0.036702802182733696,0.118061259398664
5756,0.26511974846146474,0.06778652921242376,0.2309792278963462,0.18735138378525448,0.04853505184326882,0.13518537680608533,0.023559503521429163,0.041483178473727525
18070,0.20641098075187994,0.04489981229671638,0.43655980907180586,0.023268193442278342,0.056340793958277034,0.17365374294199304,0.021967035077247038,0.0368996324598025
6783,0.09117108297829198,0.015399383862870398,0.830149604036384,0.0036234300284160342,0.015369882716902438,0.005521915270393541,0.012823994537102474,0.025940706569639056
15975,0.49793979718219705,0.05245102507772255,0.14568866839593797,0.03825518383379055,0.02876801222170852,0.0640728772974537,0.022956692375788332,0.14986774361540112
14779,0.7541129050856613,0.020114106596093608,0.0662299326387499,0.07453078113006978,0.01667962171178411,0.038981653419866216,0.010115007950262189,0.0192359914675128
19237,0.10871098985532172,0.054642410380643644,0.6412214656826013,0.0316076597354865,0.03089423097722626,0.06934793795039905,0.021974784602609425,0.04160052081571215
26473,0.5250832457353461,0.03766570218726178,0.12936221352251923,0.013802598721205036,0.0459506464404881,0.01461610027279999,0.02052080492466697,0.21299868819571277
21311,0.4109229864616222,0.048422693130796585,0.36711857057133995,0.026302045310729945,0.03775722334151873,0.02673170158971256,0.02390088637583534,0.058843893218444736
27551,0.7903865223370649,0.013859131117768927,0.11995532815313108,0.010805408394517308,0.0111614639870289,0.01380604499820437,0.018862588819265284,0.02116351219301919
2705,0.10594621060863103,0.3643486170720329,0.11606056996510468,0.05388273614799678,0.03647979821078545,0.09371601067031397,0.02475171851540532,0.20481433880972974
12514,0.31703605890882003,0.19497016657797137,0.2429640059174651,0.023874445292753368,0.02108543758777749,0.03424111012749936,0.024998623866555582,0.14083015172115773
26485,0.01793350455744398,0.014227361163596717,0.023202704982000586,0.004081709725529791,0.004580732293557137,0.005963720618944224,0.004389283794751066,0.9256209828641764
8906,0.14455449198398143,0.08017214068933527,0.10454174914457882,0.04923237196939523,0.043364233860356004,0.5190425482766804,0.01462148970049813,0.04447097437517465
674,0.20092152838159044,0.26634321453700055,0.22648270296165174,0.015594232485599316,0.047043574173361045,0.021203038395910916,0.03947701648634046,0.1829346925785456
9391,0.49356023359655304,0.07893318296476508,0.11785467032349262,0.03179339070943213,0.02252944665831427,0.07564497975997327,0.01800954319885435,0.16167455278861526
7712,0.1845239533181553,0.10062457675919954,0.4856197997188989,0.026065746569152934,0.048974317587746244,0.07069135947670338,0.02424839613213188,0.05925185043801192
17681,0.20925677267882917,0.02522801843498744,0.6383722869174531,0.01230138714889657,0.03360559222588833,0.04162815239300501,0.018582966167858615,0.021024824033081684
15221,0.4965283687245008,0.05632779389553128,0.08239746097164004,0.03255480283938417,0.12648987109527812,0.1274816690053801,0.018345690962741436,0.059874342505543986
11436,0.7842045268458224,0.02183942660935278,0.09729092533717189,0.01706073794857433,0.015023021150349258,0.022620055706411117,0.02041357661193012,0.021547729790388007
23356,0.2450437171821453,0.036689479305756965,0.553811839156571,0.017304232422867483,0.03643526897939032,0.05684099827200047,0.026181360025158116,0.027693104656110423
25632,0.06049587815595696,0.034653165536120474,0.08483094623897601,0.02152975969129752,0.0164569927292962,0.7579705273541197,0.008080289404457281,0.01598244088977583
11684,0.08766877040564348,0.3706589085181363,0.0708654427008009,0.13791447049221894,0.02814117524321123,0.09361260705025318,0.023276621200963746,0.18786200438877226
14883,0.20846567045217512,0.11157460231016347,0.19477306025277455,0.07962532795948465,0.04774982360389874,0.2388720517795583,0.03594451678114277,0.08299494686080236
20302,0.0906586706144175,0.16790827468928646,0.3064727760361315,0.0614508152511128,0.07805049646034312,0.06430222946696255,0.021109141213400306,0.21004759626834577
21899,0.10989490253708371,0.09561006460255994,0.5306313722121406,0.041412458102450096,0.05101759259682264,0.0510993750052165,0.03312327455298512,0.08721096039074129
15954,0.29055811392231873,0.07539148420542528,0.2933559007261936,0.04777102741980543,0.04599254527596449,0.12043482193909051,0.019958488740688875,0.10653761777051315
16830,0.31529429779185364,0.11986628208585562,0.28311825213822234,0.04882193586193046,0.03360525206162544,0.07631699256826305,0.020592185403242928,0.10238480208900651
12111,0.31197648238045933,0.09057408655485479,0.2332787498436902,0.1363416722844809,0.033263818439263036,0.062447223537613165,0.032792132014681306,0.09932583494495721
11862,0.18272284814251288,0.2540956339101589,0.18591159093124,0.061978749455506195,0.03615225462837632,0.15106978337979665,0.02384755531990111,0.104221584232508
26342,0.581903063008902,0.022750844637534597,0.2711136298024893,0.010303501048320136,0.026899569849599382,0.016536624874014527,0.018556751758987248,0.051936015020152736
11683,0.7765562054686399,0.02802252928534826,0.07688570512009862,0.021039123050148344,0.01674805158102598,0.040045907649424756,0.010522364148983509,0.030180113696330595
20741,0.04558833888840526,0.45655321073596106,0.07211968530872831,0.019181890286196025,0.02341755075954994,0.0427916153110139,0.013932451320855787,0.32641525738928984
3927,0.04704286416040656,0.4866859255277136,0.08468812025876017,0.033991753802617874,0.025452287553526614,0.1560175881132117,0.011551786938581148,0.15456967364518248
17864,0.7467714441700337,0.01707210833383488,0.08120521728419543,0.02003824467298473,0.022431843166368304,0.016078259336239076,0.013994854032997446,0.08240802900334643
21896,0.04802990222457354,0.45939188001749687,0.0326204917901423,0.0396002742744561,0.014643429006319883,0.033640976909608905,0.012310628269458872,0.3597624175079436
13268,0.25527616653626595,0.04190526726722671,0.35342885122796736,0.04098405812714898,0.10277755624147338,0.04107396506449583,0.07760780705957102,0.08694632847585083
2521,0.21728205069113252,0.04719700256791382,0.5699620987207724,0.01173347876054865,0.024682116503292894,0.018462434813175724,0.02713091250517488,0.08354990543798911
27553,0.25440840268843473,0.06096901707618425,0.13430182368139792,0.0329726445720917,0.1832233827333356,0.23253884594788604,0.02270317460640314,0.07888270869426657
7341,0.706597031276026,0.01891416294059335,0.1724575612849623,0.02430311741769593,0.015489052887658766,0.014801729668466768,0.011138843263420841,0.036298501261176085
17027,0.18259840217754256,0.08923878489786757,0.38188656951144806,0.04504674075874058,0.059272745262523796,0.09170956090300197,0.030792639974179567,0.11945455651469591
23178,0.14959044763461257,0.11416968660488423,0.5492811804071679,0.027561518911382536,0.0399690959785495,0.051703898849343524,0.01864813192889863,0.04907603968516107
17738,0.11157268983183019,0.11960900810116878,0.0531630034812795,0.07178048839469649,0.026780553597125438,0.5577012320989558,0.010404867473007546,0.048988157021936214
148,0.5572859652460337,0.0857277883277169,0.17024194503639897,0.018778393837385818,0.019850888103675347,0.0464864613334632,0.025609184121578532,0.07601937399374743
9508,0.08646061226180479,0.02213590535351498,0.8175887174617397,0.009467215775042954,0.018435762787113428,0.008584263246460418,0.011248236561555765,0.026079286552768147
10373,0.2741649856566786,0.03191376082984075,0.3765526138709911,0.024709823488503178,0.050611801487485154,0.027662405697606852,0.018500094077940205,0.1958845148909541
25597,0.07860153354825548,0.05774096563554968,0.7128774836213131,0.02001268386808918,0.045791681059939665,0.033734370916254315,0.02133339733443954,0.029907884016159098
16300,0.2234497968360703,0.1435392968760905,0.14998985994933314,0.05746836855578173,0.033004571311016286,0.13153462427844406,0.02417828190310897,0.23683520029015495
27369,0.20218513103729302,0.2810609359697802,0.22026352699220858,0.0373858170834855,0.03037331812117059,0.053401326323403886,0.02870537980644672,0.14662456466621135
23931,0.26399962149817235,0.07394410255774675,0.2810591121957464,0.03304076230829966,0.03924924257251622,0.06935244309127975,0.024338354035649313,0.21501636174058963
2811,0.19602051038077895,0.07709274259410843,0.3434608129904693,0.08114186255054559,0.02235164578076047,0.058132554479240796,0.035711211547817735,0.18608865967627858
27886,0.273482805665853,0.05542863510114299,0.36707631704860977,0.017897200631174386,0.033039500238701225,0.14805515355638288,0.012500852192485815,0.09251953556564997
11216,0.050191783699658744,0.017006842728728717,0.028249657269401846,0.007703474458283381,0.007388038037440086,0.008913866770366975,0.005233775666640865,0.8753125613694792
26350,0.18768076662337696,0.031334924814019546,0.691816065891237,0.0067121946733269535,0.019409314089991785,0.008478866721152169,0.020115110921162974,0.034452756265732666
18496,0.4995893042554881,0.04462918650268495,0.19144389558172203,0.03275928986286016,0.0353871273011551,0.056828341507839004,0.022543904947582485,0.11681895004066807
11059,0.3305273934902106,0.05987496519511614,0.31965095946043665,0.020845986134799342,0.04304107737330209,0.11081805767485961,0.014281722366860981,0.10095983830441466
3724,0.22470091736621856,0.08815090935497777,0.3731666859091221,0.0745753536816171,0.03781702260905613,0.08482332956935087,0.026306846051948884,0.09045893545770868
23381,0.8578827107455355,0.01100659285921724,0.04994163954443753,0.009477702579564404,0.013616572523228055,0.03870726243650313,0.0063838983769474635,0.012983620934566923
21234,0.7899779259513019,0.02087917223287375,0.07353151392462069,0.015469344603857627,0.015531768854658708,0.03016629484502328,0.012679337534937975,0.0417646420527261
938,0.07859698818262079,0.3608135385245259,0.08819735856775872,0.04740581809212554,0.01955990527601522,0.07545086566791148,0.015903269806422902,0.3140722558826194
4334,0.25678052716711575,0.06822495871536535,0.47271322036564856,0.018154945631035913,0.031447299978778424,0.0395523662690175,0.022388202108733494,0.09073847976430492
4069,0.14947342419422818,0.2859209419243362,0.33636491474234376,0.02474129720696187,0.024239230905929377,0.06340542534925761,0.026160917067114025,0.08969384860982889
24307,0.31269199691557265,0.08314524072984521,0.25954592862393205,0.04945864204107708,0.033812013147382886,0.07357137451104828,0.06393957688015837,0.12383522715098337
22936,0.4649796810371122,0.044706611652699846,0.1447752313694916,0.04244737506133859,0.06466292651866021,0.13858181385581705,0.017665462961693065,0.08218089754318753
25232,0.4965527674342383,0.05925956834677415,0.18057299367870727,0.014787379390973718,0.021312725907231937,0.016158953675621673,0.02756682884687957,0.1837887827195735
15502,0.8135830592932913,0.0165493179178535,0.056658216452955094,0.01638497551567487,0.02124433503453414,0.01565012646820637,0.010967413341493697,0.04896255597599114
19844,0.14601368625754618,0.13757216846421863,0.4540714637962266,0.033992874852854196,0.07672342678665645,0.06356204665590853,0.024633730965474294,0.06343060222111514
18653,0.17766391611865567,0.021898922426589064,0.6549726423121018,0.02419653387080576,0.04508422027284694,0.0178265054049677,0.019461352889302064,0.03889590670473089
4301,0.1253814617000945,0.23864665864246346,0.09067905799978608,0.05991407509187109,0.026666736181761783,0.1370954238498455,0.02133704925368401,0.3002795372804936
7442,0.09354475132984688,0.08497781217592126,0.3898043219192082,0.07400842050105509,0.154519329120999,0.06579031880177222,0.02874999652697596,0.10860504962422135
20280,0.5591958194914208,0.03869901629268008,0.08226458822532043,0.028159468527299027,0.030303862518572807,0.04309641777869055,0.0173081335403775,0.20097269362563877
16866,0.3247504017763783,0.07635378555115087,0.22807231604429803,0.04213883636885731,0.03006308129949764,0.05705450323591543,0.019231318902360663,0.2223357568215418
6461,0.2137731018810965,0.030307194931494197,0.6133063198836798,0.009399259759989561,0.018298990492017764,0.01680122212147748,0.023860371080299477,0.07425353984994529
8166,0.15850664177116539,0.03487352759072455,0.6847230189030925,0.006636269167403687,0.0183983970110565,0.010360599214004246,0.022020958399698518,0.06448058794285463
10390,0.6293652814815706,0.03662807853728353,0.13432766790801698,0.030265932038552087,0.027452945401757602,0.06883588795702672,0.012103774501100973,0.06102043217469157
22095,0.11161677777257234,0.04807518501598753,0.6782036380878029,0.017866921800838428,0.024634971949213498,0.053242777107577945,0.015660554228433068,0.05069917403757427
24640,0.08429711349187001,0.4662292369696854,0.10425163885907586,0.022219786904226452,0.030174775261219474,0.029280901036697827,0.018521521096151017,0.24502502638107398
24001,0.03996703615594795,0.01404923818855052,0.019460017788767173,0.00476710805857606,0.005760516414534368,0.005920662305726172,0.004343068646981765,0.905732352440916
21211,0.22623404258109203,0.215057466330806,0.19020478099957155,0.013121933064610633,0.029823318782418368,0.023197411659512005,0.04262593688736521,0.2597351096946241
15052,0.3346723207358652,0.10010595631577048,0.14298539633210725,0.0541538634469315,0.034135052651930536,0.21799598191393746,0.02120629110409402,0.09474513749936367
18884,0.6840897494650786,0.03080782583364168,0.12937539957755562,0.019392147032965473,0.018269132703561126,0.02177812281956958,0.015956185077141593,0.08033143749048637
15944,0.33432257825421774,0.07957231302836983,0.19006148496416525,0.03440186821514494,0.04078812687523812,0.09723157792723856,0.021753471453093913,0.2018685792825316
15267,0.28431440098830935,0.05169096823648055,0.07423391607403926,0.04704001896329005,0.034367547057206474,0.47241403892799105,0.011445897157539438,0.024493212595143823
18620,0.6212997709711249,0.022654075560160355,0.23114970994306497,0.04132278933414304,0.023378008457370446,0.020546409376323724,0.014438530927319329,0.025210705430493262
11754,0.2882692772200306,0.07655536969833282,0.3910785744919092,0.017751766802099174,0.02373274716309533,0.02997197686338004,0.021828881707091113,0.1508114060540618
17346,0.3004286617102651,0.07861666684838388,0.1631636764907716,0.03987977651971904,0.061975321987251385,0.20097406577686724,0.02043495585456061,0.13452687481218112
16845,0.21117556477036442,0.060164193950120654,0.15787314443438585,0.03701558649302222,0.05610221410441264,0.4034170375602893,0.013642877983865116,0.060609380703539766
13326,0.44007679139381034,0.08470667184211038,0.20660292489457027,0.042157397985258055,0.03555598746646569,0.05248114683665079,0.016537000226085785,0.12188207935504859
12083,0.8068170020517837,0.017175446891251427,0.05263047739514839,0.014138056483401159,0.012060837283650896,0.010903341100030179,0.01230852939813829,0.07396630939659575
11926,0.015706270450195965,0.016316642502600568,0.018255194000226044,0.00406660694122242,0.004554550295921447,0.005475863513479612,0.003242357489034057,0.9323825148073198
