Host,business/finance,education/research,entertainment,health/medical,news/press,politics/government/law,sports,tech/science
27997,0.022360812948223008,0.8779410986756013,0.06950285314288039,1.5756526148529972e-13,1.5337733851316939e-06,1.996397464425642e-12,5.8695833582825844e-09,0.03019369558817577
9316,0.05517438447073815,1.612536436291384e-05,0.9443993300713718,2.6820929270256557e-10,2.9659704392702853e-05,1.4160140692767435e-08,0.0001290964705427733,0.00025138949025405635
27045,1.0,1.5142099306948778e-20,1.9530385130513883e-15,1.6736624927113367e-16,4.307420954829093e-15,4.445540969004152e-21,2.5560678838773576e-16,2.986927087471236e-22
19805,1.9816133537083282e-05,3.5701743993937595e-08,3.460656438866097e-08,0.9999780964265956,2.7675575613089514e-08,1.1693053234744447e-06,3.5506970341675116e-10,8.197955812753763e-07
26580,6.885785087387339e-10,8.080614456262698e-06,0.9999849937943724,1.37542039128754e-10,5.2939192446335814e-11,1.2310143466401742e-07,1.2866303189246264e-19,6.801610667861836e-06
16886,1.516507721999886e-11,1.549823289551054e-11,0.9999999997466489,3.555225916310886e-12,1.651195230366714e-10,5.824837996234868e-13,2.0380127954230155e-12,5.1390535350083083e-11
27931,0.7640816122473623,0.0008398661762682111,0.21756427816236795,2.968228789282181e-06,0.001069006876655611,0.01634965857690003,3.007996802783167e-06,8.960173486510702e-05
8977,0.057373952440753044,0.011210312470722588,0.23380248100378784,0.5592925183538114,0.0003283767923711901,0.1347239127438512,2.631003933961487e-06,0.003265815190773271
20285,1.249834352866946e-06,1.2772998962167044e-07,0.03453544064759808,5.6329303192146124e-08,3.084794077646528e-07,3.4426528828955605e-07,0.9654624678240159,4.890049365607293e-09
2427,0.00015852091015736218,0.21610923132038715,0.006962168814862438,6.659659718621084e-08,1.4318612230591332e-05,2.7630082207592088e-08,9.407466767220755e-08,0.7767555720410255
1324,0.01877507537263158,2.3749210227602135e-07,0.9812220931565142,2.1060782203143272e-08,2.3596632109169895e-07,2.3307569742213e-06,8.34781619436718e-10,5.359885558678347e-09
25006,0.3150125039353485,0.0004501010576623414,0.003050740146937811,2.646184600509645e-06,4.048468560756533e-05,1.2229195157968991e-05,9.831000376970637e-06,0.6814214637943075
13134,0.0014978308503090251,3.8091823688961526e-08,1.4242707961861092e-06,7.2105902889059885e-06,9.255414629669033e-08,0.9984933244580336,5.391039217226303e-12,7.917920753143981e-08
11834,0.9999966316501513,9.831123714267541e-10,2.8830804952959415e-06,4.266519677233973e-07,4.96543346522849e-08,1.9251573487237587e-09,3.095258046485316e-09,2.959519938565737e-09
19930,0.14003898363335845,0.011305830317870276,0.006043565236814817,0.09855860685208528,0.001004191155437911,0.7420375161580992,3.602040184876138e-05,0.0009752862444886984
12212,0.9742411671482878,6.564965352602766e-08,0.012458295907098665,1.1490124014179482e-06,0.013266366101748701,2.3231257932377444e-05,4.816257662872609e-11,9.724874731629363e-06
14062,7.166851723900262e-25,9.69606560787686e-35,1.0941560312711984e-34,3.6989448993253643e-37,1.0383599476886928e-21,1.0172707194105987e-37,1.1369534831786362e-37,1.0
18965,0.25421377099512166,0.014964144356067476,0.40928770746280413,7.890425033411855e-07,0.00557575267193696,0.24168403382195086,3.945637777732313e-09,0.07427379770397935
10744,0.0567903754692373,0.0002109520622794797,0.001882668376363739,0.0009076525375833574,5.0412927125394865e-06,0.9401909514161042,1.034659705834905e-07,1.2255379740226576e-05
20664,0.0013602886543673369,6.619916790039605e-05,0.09292383315147217,1.5017180075744052e-06,0.0001692727555424493,4.7948432185351806e-05,0.9054261432528717,4.812867648321855e-06
17021,0.0061190650044101,4.5856761647353804e-11,2.2941577168389517e-06,2.72908475394069e-12,1.4876927556204517e-06,1.597515876064126e-11,1.3432983388763874e-14,0.9938771530805257
8212,0.2491573944909893,4.3184220336344085e-07,0.7507684043299706,8.318227182506281e-13,5.147819776482175e-07,2.7981240739140596e-11,4.328665369736755e-07,7.28216595157376e-05
20736,0.9847424386831692,3.2550590760751943e-06,0.015074406455129731,0.00017021384337220815,6.473166129105963e-07,8.598110560127998e-06,7.136863037957616e-09,4.333952020788472e-07
11963,4.745563175269151e-10,6.184594825804758e-10,0.9999999754969625,5.158068552694677e-13,2.264319442000587e-11,3.652135170552165e-12,1.008321391696329e-16,2.338323864176636e-08
12970,0.521457108867738,0.06855908706215517,0.12432118765338426,0.0017331082259683433,0.004488251297505383,0.0013661579015292128,4.096253606245946e-08,0.2780750580291821
19053,0.9999892488373647,1.10672419502906e-08,9.369735258316377e-06,2.7963370059896204e-08,1.3846774847995402e-07,2.250871330351691e-09,2.6406369614580235e-11,1.201651736502861e-06
20877,4.524230692880626e-18,1.4975146270572633e-18,2.9045648402050895e-18,2.028357795627771e-19,1.2105912479926888e-20,1.0,1.7557064328136175e-25,3.4779529539299644e-22
6688,0.9996639703443336,4.848996286898589e-10,5.902278909530312e-06,3.000111295606458e-09,0.00024730356596062986,7.881027106302368e-09,1.1130147410243952e-05,7.168229735998608e-05
1485,5.479499579932579e-08,3.077863502921312e-10,1.3531924103369103e-06,1.703177076015489e-11,4.1725404211131205e-11,0.9999985916431596,1.7746051807268276e-15,2.9024049926819104e-12
9915,1.873620554732321e-17,5.232671832699452e-16,1.0,1.534820716335748e-16,2.2444096904043108e-20,8.607395917167982e-23,1.5034007350356109e-22,1.878892366548532e-23
2785,0.0003366763139978289,5.802617209672909e-10,0.9996628322387634,3.521101754284845e-10,1.9751301998371944e-07,8.624013637625053e-11,7.571394832896473e-11,2.928398920761346e-07
20128,0.06126816023469699,0.7305483164132557,0.03716869847892352,0.001970808123676041,0.007936037330323857,0.006182736820181191,5.249357570417666e-05,0.1548727490232353
12295,0.9983068011299097,3.563725209331327e-05,2.1591650450387027e-05,4.6561744017742e-08,4.688743292583654e-07,0.0016151530288868504,2.0892679323910487e-12,2.0301500470182363e-05
14567,0.04890912446104291,0.0022000497937377963,0.9436165579111447,1.2739969350118616e-05,3.281056382184534e-05,1.5443101967961694e-05,3.307852787041362e-08,0.0052132411204131555
25052,0.001385892840865391,7.800288299895639e-07,0.9986072145963762,5.007733138490266e-09,1.0531580997860505e-07,6.581539354385154e-09,1.310485990331161e-07,5.864580240386932e-06
25689,0.8782537443854331,0.00028380132679252043,0.011844834514285616,0.0005545541303241012,0.0006473652103481164,0.10840527483959245,1.0293599455115627e-07,1.0322657239575191e-05
18873,0.0011125319561644885,0.8176756877998801,0.13656137099699772,2.6275601682822766e-13,2.208903823114625e-06,6.195100356792269e-13,7.5209985636908e-10,0.04464819959015371
18451,1.4335719615402836e-11,8.188397778462757e-08,0.9999825318349191,7.387015259381666e-14,1.8398854066806483e-11,1.7683464210974786e-12,5.950178035917619e-17,1.738624652906594e-05
8422,0.9418340358680827,0.0011221197882798591,0.05228647843865529,0.00016524533211537506,0.0010667314479097243,0.0005930610139667429,5.5833483248530214e-05,0.0028764946277431707
9199,1.0383130486812553e-14,6.3074483112510196e-21,3.169052008676713e-20,4.102454645452202e-24,5.935798607408683e-14,6.036699351078706e-24,1.2034353159273617e-22,0.9999999999999432
9941,0.0003718070789107268,7.188002160117772e-10,3.662110839193095e-06,1.3765161333893238e-17,4.628059001861829e-11,3.4859598376864915e-17,3.896745082788424e-11,0.9996245300062069
20517,0.1563165054784586,2.72480570767676e-09,0.8436830477598167,6.66573858830295e-09,4.354671514884148e-07,7.481227350924221e-10,9.522163964659282e-11,1.060691124237648e-09
12718,2.2810576445813012e-05,0.9999768555344328,1.771681607432157e-07,3.287812194260942e-15,3.5409877423719616e-09,2.374146288961964e-16,2.0801148250668366e-11,1.531591519550322e-07
1681,0.0402938102549465,0.0010284937937743582,0.9564978617664758,3.180935028930873e-06,0.00042108692702073273,2.1292171986779987e-05,3.980114077911265e-08,0.0017342343496147858
4828,7.591483704109336e-07,0.9983273018545031,7.375897744664918e-08,7.975088900528119e-08,1.6911332592639048e-10,0.00038895606194427966,4.3892304113932055e-14,0.0012828292561680114
22986,0.9991164844130849,1.6548204697285921e-12,2.2803557895138666e-09,7.872727807469003e-11,7.015996864298596e-10,1.9669562763462907e-09,1.970658759578417e-12,0.0008835105556635432
423,0.021713361399894306,8.227631268965662e-09,0.9782866125732264,3.2074146659053065e-11,1.5535163757324444e-08,4.781052380567337e-10,6.768062677488031e-13,1.7532105164071516e-09
19294,0.010507361401207461,9.342162839675157e-08,0.989491794347787,2.4470572202980154e-09,7.288213710193241e-07,1.7865834751210452e-08,8.714844739754655e-14,1.6950169881084288e-09
6354,1.3229908956428672e-05,7.626798997463695e-09,0.845018755606264,6.965183502009009e-08,0.15445688840227634,0.0005110487041423378,4.565406344854013e-18,9.975961615744892e-11
4086,0.3148389179324834,0.000999685114651739,0.3622135468851589,9.427860826307007e-11,6.666254267910133e-05,1.878115028395955e-09,1.925680393507594e-05,0.32186192874870284
3146,1.0,2.499652912470428e-23,9.672307649783121e-29,2.3479459325643824e-29,2.0058089006889228e-24,7.196166669757862e-30,1.8626865158666248e-22,1.8160269402834354e-27
8759,0.24750851114390143,0.013916928615621304,0.4085026246934026,5.664322720501318e-07,0.005352792128229796,0.25347997732841354,3.662990258403509e-09,0.07123859599516888
1358,0.9996767900224296,3.484980058649626e-13,0.00031985988911180705,9.813157166747614e-12,3.3497922451016073e-06,2.8323444252462657e-10,1.5018172615102911e-12,1.3439362819021187e-12
8466,1.1068301339582437e-05,5.71903244432192e-09,4.3716346122544944e-10,1.4070404739266526e-09,7.335127686484944e-10,0.9999889233067295,6.936830128681578e-17,9.519754562284667e-11
12664,0.8080879075710506,9.850119209077804e-05,0.009949343801719662,2.418311181095866e-09,0.00012545494853195656,1.7734812130679255e-06,6.190243892888363e-09,0.1817370103968337
13113,7.954894536592267e-05,2.7165073215433924e-05,5.936627912045863e-10,1.6216953329371533e-09,8.672813091121586e-10,0.999893274071204,1.2512138015723924e-13,8.827447005992543e-09
24532,0.9999111273687441,4.972277734742368e-08,8.811619810946024e-05,2.904093940575851e-07,1.8497752075005168e-07,3.3874974332546137e-08,8.922795199560927e-09,1.8852568776444563e-07
26881,0.0411045229085858,0.00020070809546413032,0.008072905088431578,7.557692873039711e-06,0.0003190866512084484,0.950293216170513,2.357075659364728e-11,2.003369373668054e-06
20970,0.03497561027603755,3.66406321207362e-06,0.004014998010075892,1.1353530408797409e-05,6.417176357521558e-07,0.9609933494289378,2.0160240057318848e-11,3.8295350772321684e-07
5951,0.0008140729515692802,1.551462366450977e-07,0.021498140092652974,3.401981060278488e-08,2.4503045129124156e-08,0.977687426775799,3.1221979722536296e-11,1.4647967541605436e-07
2547,8.265421694676482e-12,7.183235124440502e-11,0.9999999999102442,9.637333307893866e-12,2.1078306682391298e-14,6.891053333340573e-15,7.511761724567131e-16,3.3752815233515754e-15
254,0.9999948653974913,2.238830560856882e-09,4.852520084353042e-06,1.952213724952304e-09,1.0540967419943228e-07,1.0844442493527551e-07,2.814639565687517e-09,6.122263477325807e-08
9824,0.9642464883764162,4.1166440845163446e-11,0.035753493657007654,5.209798145012152e-15,6.545545047917094e-09,7.69720494048085e-14,3.5886371873146655e-09,7.79113228503799e-09
27314,0.034718431341508975,0.20027733076567172,4.103393512762791e-06,1.0085540419492774e-09,1.1221379224139174e-08,2.1385235380722548e-07,1.0129775345435545e-12,0.7649999084159789
13643,0.9454764440698199,0.0036439941217853967,0.0021708758107833984,4.3833865694413085e-06,1.5182822017000226e-06,3.91544890615937e-05,3.5526328372519743e-09,0.04866362628715734
7998,0.999984799006514,1.7417597488491922e-10,1.1429612907105678e-07,7.2376521700089e-08,3.7259894670513015e-09,1.5004969042532829e-05,3.4440866417111145e-17,5.451627615192191e-09
6742,0.9999998244653779,4.5570328291335527e-14,1.7547892351635586e-07,3.632186428032039e-11,1.92440644742031e-11,5.0481790336000456e-14,1.1176239151145503e-14,1.0757971835120509e-14
25525,0.9999325511215498,8.52033154330849e-08,4.230915403098806e-05,2.0695033078916267e-07,3.119061424492762e-07,6.605680931812702e-08,3.0712969355567026e-10,2.44693006991513e-05
26065,9.350924588836444e-06,0.9993817390969552,1.8544930642261006e-05,1.1467531088614986e-09,1.0856490055697222e-06,0.0005264328922930426,1.4524079866737465e-15,6.284535976872825e-05
997,3.7340422568610384e-05,0.984368397762539,3.3185513113580565e-06,1.8651785370204256e-09,1.8907121174764574e-07,4.816705074180755e-06,6.948784691831836e-11,0.015585935552627148
12263,0.9996351167870422,5.905738907171684e-08,3.1693026086158696e-06,9.678640426404451e-14,9.436118944830816e-09,7.195439386935909e-12,7.691944763469751e-11,0.000361645332617945
61,0.003483704030952048,0.0008067066586197094,0.021843453802078514,0.0010322326421638116,0.00047290107656591915,0.9720823645718504,1.2373979225572051e-05,0.00026626323854761925
25885,8.563177413623844e-20,1.3108904506183427e-27,3.782114260288004e-27,3.775135375717605e-29,6.977844334763385e-18,3.754243625633316e-29,3.43397992129966e-29,1.0
2671,0.23770519371488263,2.4762948526022752e-05,0.0002667564097769751,0.00014430264445085072,3.583132981600791e-05,0.7618193820540016,2.0897707017207905e-07,3.5619214767703177e-06
10244,0.07762304307992503,6.303353388817351e-07,0.9222984665296113,6.152723946246943e-07,6.604902628488267e-05,9.736655452821926e-06,6.444179885287338e-10,1.4584565885630382e-06
11011,0.9999734148713865,8.682290545200605e-08,1.6039372642510755e-10,4.038450247612667e-09,3.102112165736399e-10,2.649156182848923e-05,3.730819512743183e-14,2.2347802256624555e-09
346,1.4190479230974958e-13,1.39835042264668e-10,0.9999999998599947,2.845804466409812e-14,6.3457626907423965e-15,6.673258980530675e-17,4.139961871172918e-21,7.057486931620439e-15
21405,0.9971310395316683,1.0117751064546184e-09,1.2069921015893837e-05,1.785842261901729e-08,6.667015422626694e-07,1.7052044348960324e-07,6.33558320159676e-14,0.0028560344550712735
20226,0.0024030270902155237,0.9368109342865534,0.005552893352955835,0.0002862020508064509,8.159908277413595e-06,0.054665526107568856,5.3067893522383946e-11,0.00027325715054239577
24838,0.014045482787217591,5.349632729417796e-05,0.9837942248436747,8.738572526688586e-05,3.739463507200079e-05,4.057269390939294e-06,1.4131359675390561e-05,0.0019638270524089136
5742,0.05275874655708523,0.1883685588222173,0.7557543768208607,3.4730790151394e-08,8.77532660404384e-05,3.0594261325277594e-06,1.3342929126840909e-08,0.0030274570339692457
4758,0.2918850896884341,0.0001159606940154522,0.7061422101699939,7.239008365092598e-06,6.59404819336062e-05,0.001682424181308838,8.328327705291447e-05,1.7852498909977277e-05
15401,0.999999573851005,3.2911564068298658e-12,4.2606466301081573e-07,3.3433080527163875e-12,2.1886977019954654e-11,2.5823416728938285e-13,2.2068406830223e-14,5.554199413632206e-11
10797,0.9986156330958343,3.092320305333505e-06,0.00012751218192924048,2.7807122453231195e-12,4.43732353614457e-08,5.2069765865034324e-11,1.2973599450571247e-08,0.0012537050002464087
21942,1.8148274414922564e-07,3.46366319214932e-07,5.2769578347514e-07,0.9999978545447441,1.1108398345141855e-07,6.958804327637131e-07,8.442591388309226e-11,2.828615566437658e-07
23539,0.9810455937315018,6.004948086198949e-07,0.014328132991717694,4.176531370964906e-06,2.00863225460799e-06,0.004619154177453868,1.8511455898344966e-09,3.3158974772609374e-07
4098,0.0002264328340925239,0.6915291235453989,0.3076415868917337,1.6976593933565396e-07,7.757157804863826e-05,0.0003554447995798178,1.2774328876517283e-12,0.00016967058392966465
18289,0.7340261189538957,0.00035927908197422683,0.26184963253913385,6.5854916772118405e-06,0.0037219471994631025,3.1978059790281935e-05,3.6338932390745922e-09,4.4550401712683644e-06
15969,5.968707241779457e-06,1.5050099199607343e-11,0.9999940273075245,1.874487452665267e-12,2.8335565128950236e-09,1.2864475897292233e-12,1.5498558252500578e-14,1.1334729692520478e-09
3905,9.243811297960959e-14,0.9900139301349253,1.4753844207261914e-13,3.018275142176571e-13,1.0246053914258609e-13,1.5473581607043597e-16,2.927093440552991e-18,0.009986069864402458
21989,0.020104629678204304,0.004413836594940598,0.9730044782030444,1.4346749312263966e-05,0.0012499107177104177,0.0008077758960822556,0.0002407309148228112,0.00016429124587778743
26547,0.3685501658224874,4.580535128645604e-06,0.6314335240111097,9.125720272837392e-07,1.7083992534221603e-06,4.038700497656257e-06,2.2659763632735517e-08,5.047299731963372e-06
25153,0.7757786871406916,9.939505948892677e-08,0.16320223555177335,1.3169262015566712e-10,0.060876766674008057,0.00014070849348324648,1.5025482407482917e-06,6.50760128647777e-11
9706,9.261133428330388e-15,1.131589549754096e-16,0.9999999999997726,4.6867127325843077e-17,2.309313033891219e-13,1.0931186446417807e-17,1.6788646986184275e-20,2.774236281566631e-17
11655,0.9997686731312677,1.5574499783798799e-09,7.66847602970747e-05,1.7606583544646546e-10,7.156355961432243e-10,9.109569064451087e-11,2.2843995457618785e-09,0.00015463728377540633
10887,0.9992599912021793,0.00014897954729179585,7.424687716663058e-05,1.8715748763687541e-10,1.2666215797981084e-06,7.324885235803066e-10,1.7118618988660056e-09,0.0005155131202868123
19087,0.6599378975243257,0.0038199844461017035,0.019582066907183723,1.6710739065786605e-05,1.7494275224254576e-05,9.850809228556112e-05,1.6895325765994718e-06,0.3165256484832254
22570,0.9999917913545006,2.4014987524225277e-10,8.208103234441103e-06,1.2227764148148412e-13,4.3967640944970426e-11,4.1955272097700194e-14,1.1726231564890361e-11,2.462689677618312e-10
16588,0.9999961484800498,3.3756655301484293e-13,1.6118687606356317e-06,4.226810589887459e-12,4.5286558620167577e-07,1.786780017657698e-06,1.8988692215880663e-15,1.0301546800042192e-12
19524,0.41673293113940996,0.04319036905945792,0.15163607258113085,0.01762656994216766,0.01406114522056381,0.016927580570312337,3.760063356005759e-05,0.3397877308533987
27327,0.00301129017199238,0.6608751863455172,0.33468446024248616,1.247632148519055e-07,4.179728013938092e-05,0.0004569489020479842,3.2694806590719813e-09,0.0009301890251252177
9802,0.012518976359846863,0.020948800294067312,0.0165561812845585,0.06704380457129346,5.6866475441729105e-05,0.8808564617989876,4.491577261958218e-08,0.0020188643000223967
15658,3.3550697892712515e-05,0.8620330722859953,1.058144483392037e-05,2.5803114663723655e-08,1.3660227608443427e-07,1.970208394160265e-07,6.039275657163311e-12,0.13792243613900285
26686,0.999260566402565,7.38240882044494e-09,0.0007388785296091831,5.356180534620752e-07,2.6012724405391644e-09,7.654129702615282e-09,9.730843216641647e-11,1.714640688934303e-09
27649,0.0018120014283040612,0.9762840445425754,0.0009261810386822779,1.837025482123288e-08,7.892423491825518e-07,0.0006899547972580893,2.194402003855138e-09,0.020287008386176954
21404,0.0049872706210223345,0.8789157810307839,0.00038351631214330337,8.833133745758429e-10,8.724000576477131e-10,0.05352210842220288,0.032383853653461435,0.029807468204670305
4928,0.0008287895064807583,0.39553679884050874,5.393642058654478e-05,9.725548887357448e-12,2.869371674270033e-08,1.258268245188982e-11,7.579026138692516e-09,0.6035804389373597
8701,1.3149143762952994e-10,5.7429243466871295e-11,1.6543150623842276e-12,0.9999998484939966,1.339778679332495e-12,1.5131080205409012e-07,1.6399126563107558e-18,3.301241419979485e-12
9444,2.4533289246964805e-07,2.107705498677575e-10,0.9999994009233522,3.263672822049568e-17,3.472277761720766e-07,2.9606252501924866e-18,3.2110985723935056e-10,5.984097917786485e-09
21570,0.3673653034094396,0.0015919240955215624,0.056510273018505155,0.5351964557307957,0.03215582432063041,0.0001360534065419819,8.48943804311836e-06,0.007035676580523521
6154,6.184529780876694e-14,1.244109546051319e-20,5.976448314356992e-20,1.4978629137478383e-22,1.0428488814381761e-13,1.5884259905458696e-22,1.8959645452276369e-22,0.9999999999998295
10861,0.521457108867738,0.06855908706215517,0.12432118765338426,0.0017331082259683433,0.004488251297505383,0.0013661579015292128,4.096253606245946e-08,0.2780750580291821
10233,0.02415651573614961,7.45970774539391e-05,0.019569172534589008,0.467508567990332,0.10540239825291485,0.3832299281815062,1.5588847348892926e-08,5.880463821912362e-05
6066,0.3601695072631344,0.0008008406504626395,0.000397959356589852,2.4620846045826125e-05,1.48147317264956e-05,0.6385112913115574,9.741018597739746e-08,8.086843030611943e-05
18155,0.0004058852249356277,2.730552528065881e-05,0.24108035028915537,0.1258646496021164,1.0706993600166048e-06,8.029935670629875e-05,5.208863813553857e-07,0.6325399184160645
6871,0.9999185003723022,7.281911159297799e-09,7.733553198816509e-05,7.016335188792508e-08,1.2270729290471715e-07,2.1480387242560804e-06,1.24352523861145e-09,1.8146609149779608e-06
3553,2.1429226103695748e-05,3.834923000261264e-05,0.999924138859473,5.658123655285635e-08,6.235210221542415e-09,1.5832098831629817e-05,2.0100189833629755e-12,1.8776713537352422e-07
16463,0.1817646262047661,0.00029720199694089445,0.8093493677726302,0.0007997839749713785,0.0006374778265968714,0.0005353550892401765,5.548551886894142e-05,0.0065607016159804545
25967,0.0001949854834987226,8.380723551533635e-10,3.2354464460601004e-05,1.0044885194841748e-19,7.752465170759461e-12,6.937896639625443e-19,5.531606293853139e-12,0.9997726592006739
15172,0.9999999999977831,6.0462361578292406e-18,2.2020280499314924e-12,6.255683278005213e-17,3.581539755692251e-15,8.424551948842145e-17,4.266092909888413e-19,1.456207254702169e-14
2591,0.00038043763022845006,7.525960185744261e-09,0.9995907321101362,2.8702325772596974e-13,2.880359314351111e-05,2.8889878533659677e-12,9.28682778260411e-09,9.85052189202971e-09
12863,0.9993317286479584,3.308781551028962e-09,0.00040502869398280995,7.071897590008591e-10,4.092977899758944e-09,3.070907262188975e-10,3.42306374502191e-09,0.00026323081895346677
8090,3.6864258404728686e-16,3.857276964513866e-16,3.800079941294816e-17,6.558126448672478e-18,1.4747271411469295e-16,1.0,2.2966751735226996e-22,1.6811988041552603e-20
21348,0.0006374216436490346,0.3342741517282176,0.00010106265471191687,0.00014132778447095625,3.887636039763159e-06,0.00013135000240240601,4.295693499042909e-09,0.6647107942548016
21588,0.006064329084348918,0.0003883182918927372,0.9854104767313523,1.8785815377641833e-06,2.8799396591542843e-05,0.008058981022094944,1.1668038037159102e-07,4.710021179485732e-05
23497,0.9237645642371112,0.004204097126162357,0.014984595888732188,0.00015021446398912153,0.006240531920216864,0.05042965791196886,1.0507163900803973e-06,0.00022528773544049365
11245,0.9999999999993179,1.8392839923384684e-15,3.649466236194145e-13,1.0971854941236321e-17,4.970290188427022e-15,3.0461235973651054e-17,3.372213247681034e-14,2.69298019972827e-13
19097,0.679562003181503,1.5879070890932922e-09,0.320035576395267,1.6630527041825366e-12,2.7797502548096485e-07,4.184236581133034e-13,3.43750806551168e-07,0.0004017971073813465
9062,2.9983801514564345e-05,0.00023743962664349918,0.0013870116422087268,7.142248997100712e-09,4.5722893091927716e-05,0.9982684645269349,6.992976737015779e-08,3.1300437579190345e-05
11896,0.16839594588490955,2.4246198252950883e-07,0.8297464587690778,3.8323318084538594e-08,1.4032466532708504e-07,0.0018571372874709056,6.1041971054778104e-09,3.0844379040152836e-08
11336,5.867660021702186e-09,1.1387628488849324e-15,0.9999999941289275,6.417148084166838e-20,1.6666203861147698e-12,8.291028607587157e-20,8.115847293963351e-16,1.7604169688901354e-12
14563,0.715559908867662,0.0003374263219324601,0.2780117118280267,0.00013762047756666205,0.0010113437296417813,0.0011873446204676262,0.0014394447597397269,0.0023151993949574574
7410,0.9855516561782182,2.8627232412877253e-06,5.069299286747074e-06,4.214241624182575e-06,3.882454225743182e-06,0.014432095423721468,4.347778034953748e-11,2.1963619579899582e-07
19408,0.9687765558322731,1.1858061748164056e-06,0.003804640030778547,2.648134607260544e-08,0.0020794132169496887,0.000322798514943653,2.7755315022291557e-12,0.025015380114739808
2586,0.9945024489336663,1.6973310180672408e-08,2.8970499909134462e-08,5.444766317348924e-10,2.2647317900771764e-08,2.6430425579413237e-08,2.320244772873386e-07,0.005497223475828299
15151,6.774034050728196e-08,2.2535225084411737e-06,0.016722781061017346,7.34889863566313e-10,1.1755243490046432e-07,6.756070156030708e-10,1.9822710355117264e-09,0.9832747767309324
3504,9.620645058271222e-05,9.846340983427217e-05,0.004702167778816545,8.22464244105681e-17,1.2018066803674147e-09,2.929172563513428e-16,4.067930653120193e-10,0.995103160752178
10419,0.18795109239163632,0.0415631013248797,0.017392092584161318,0.49477199827234486,3.5587471144629792e-06,0.24953383892022915,2.960133476670017e-12,0.008784317756661213
17618,0.05885156260743965,0.0030705637389844653,0.5060884270163384,3.8951946835387536e-12,0.0002842980672551651,1.5023850441612448e-11,4.309515356221534e-07,0.431704717599537
13560,0.1307974025662646,0.0006805831257125729,0.8505998367422656,0.0002279668881218692,0.000510436934673559,0.00012550986911747666,0.00010559633999518338,0.016952667533851103
13984,2.111047650946482e-09,2.9044115226524606e-05,3.4786369581587328e-09,7.151784430879554e-11,1.999616310651849e-11,0.9999709476533035,1.0465334901993645e-15,2.5502825707820175e-09
9819,0.01142483098982379,0.009844955094351291,2.1229091401165146e-06,6.749216325932899e-15,2.0126613567042463e-09,6.914168976813172e-13,6.753033099544119e-13,0.9787280889926483
23949,0.0014599954828871924,1.0292485318741784e-05,0.998518728161874,4.720863593692445e-09,4.0316656487819586e-06,6.274582915314783e-06,1.0874947835607563e-10,6.727917486913073e-07
15002,0.0002251466486941481,0.010386713645902714,0.9414512360993047,0.005995708159505662,0.019991284606777078,1.6496734097369728e-05,7.45735976329958e-14,0.021933414105636265
3875,0.002743137046528556,0.001503801334596577,0.9755865919986678,0.0009783854996084527,0.018695887575757155,0.00010944144087279624,3.2575404533440903e-09,0.00038275184642527175
26471,0.05457482988140982,0.0003384918233184584,0.9093553336607207,0.00020857845833389968,0.0003651473235329053,0.0002714518413544859,4.812128185763905e-07,0.034885685798520735
19885,0.2945882352941176,0.09835294117647057,0.2724705882352942,0.04329411764705883,0.03905882352941178,0.09411764705882349,0.02164705882352941,0.1364705882352941
5756,0.029873551771008578,0.000537055357007341,0.05792554337366153,0.06452440914688273,0.0002039650441192614,0.8469271887327727,1.118841913413697e-08,8.275386123521878e-06
18070,0.005757826693022973,1.3194961613286148e-05,0.7622416695311881,6.250321600277919e-06,2.8798401396524862e-05,0.23195207861864583,3.5237747731088584e-10,1.811201592922268e-07
6783,4.0764007902564485e-12,1.6966972731706908e-18,0.9999999999955094,5.502225240362078e-26,3.1864803544254364e-14,7.594456663706777e-26,1.7179681570567705e-15,4.0617029102895347e-13
15975,0.7098745446934213,0.000721950120682379,0.0026255129585895155,0.0002718897033115869,0.0002398795042153115,0.026554440856155305,6.980625386218123e-06,0.25970480153823183
14779,0.9999998420044118,5.08998127073506e-34,3.7816609328249466e-18,1.579955827644578e-07,3.3698548486121336e-31,1.0360549778185474e-29,2.246790791094302e-34,7.2836919934990715e-34
19237,0.0022530674436573995,0.0005833146694476924,0.9962592809764226,4.615237593450782e-05,0.0002545254417730253,0.0005698365414464695,2.555503020320253e-07,3.3567001016034586e-05
26473,0.9427617662247637,4.720425511323181e-09,0.003379622697299097,4.3228662397701453e-16,5.420826811652993e-09,1.03402440555943e-15,3.3790090429992876e-10,0.053858600598795256
21311,0.36438600748129407,0.00022021025478770125,0.6351745721529874,2.750485180776475e-07,6.0496640335130384e-05,1.2213667227876668e-05,2.550844440662178e-08,0.00014619924641718845
27551,0.9999987259668204,3.5643870377277365e-11,1.2724283747699285e-06,4.925852880027371e-11,6.181304425291544e-10,1.1050323164355867e-11,8.429436763949789e-10,4.776491190349812e-11
2705,0.03407416202699727,0.9376005398717565,0.00015619364437001484,4.274633325371738e-05,4.189115233792665e-05,0.005204764204578495,9.479096649035512e-08,0.022879607975746355
12514,0.011624074855088025,0.8869240298099961,0.004423303463538834,1.8701782262997787e-07,6.4871733055016395e-06,4.946235398243151e-07,9.421053708006242e-07,0.09702048095133009
26485,3.0387734975059435e-22,9.898796361309429e-30,2.566223453224703e-30,6.446261047834489e-33,4.2774315813221434e-20,5.770155136432974e-33,6.713530874912589e-32,1.0
8906,3.257413810699959e-09,2.251116424179306e-09,2.002578647487326e-08,1.6707228498960955e-12,6.515566035431926e-12,0.999999974455449,2.181604849176368e-18,2.0350714142846367e-12
674,0.00036366971657931575,0.9965183159311627,0.0009434170901170276,4.9214739238118754e-14,7.658557175740858e-05,2.0092450936130327e-13,1.6631112288619032e-09,0.002098010027008343
9391,0.9993815275848583,1.4563543110071573e-06,0.0001868971666181451,6.863263002844897e-07,7.200639683383995e-07,0.0004015354694207355,6.211153213138096e-10,2.7176413413784734e-05
7712,0.10376193461844947,0.013694398862161526,0.8477830534846417,3.084157280688178e-05,0.0004530977557452332,0.034025387907195954,5.0196469791948266e-08,0.0002512356025247976
17681,0.03131787620779786,2.4303650871263954e-08,0.9686548257477895,1.2204280471641067e-09,1.4972450923760453e-06,2.5773559325763655e-05,5.663610500696685e-10,1.1495693419965962e-09
15221,0.9999662721175694,1.242454116624321e-10,3.68063569020234e-07,9.66377557492477e-13,5.579943997216541e-07,3.280169579715389e-05,4.6566634892038925e-17,3.4301056519425284e-12
11436,0.9999999914312809,2.5867585557949644e-14,8.551441159113308e-09,5.298016305360268e-13,4.767508098525487e-12,3.393096656209703e-14,1.1883575809423287e-11,2.4047438762102484e-14
23356,0.5453938424424467,7.470731229980231e-06,0.449259799652278,9.289050436535019e-07,9.16818249710656e-05,0.005220210539291743,2.442564081991243e-05,1.6402639047934235e-06
25632,9.625479300549497e-16,1.9469944254815083e-16,8.832228827175426e-17,1.1081558402194217e-17,1.9720711489232837e-17,1.0,1.4174564333502276e-21,8.708828743940573e-20
11684,2.450643236549434e-13,0.0026389762902209197,9.17226096452003e-09,3.0078534405111064e-05,8.538546465018066e-14,2.3477430415613815e-11,1.1742808816270587e-09,0.9973309348050278
14883,0.015352179045676798,0.0005509986599477169,5.9514649047534366e-05,6.239930120916915e-06,1.987606091271464e-06,0.9840147960710647,2.8720890774427374e-09,1.4281165954320438e-05
20302,0.000794261708371116,0.005518723831065692,0.9908208564627256,0.000755975836613048,0.00022026151802665537,3.7866111849475584e-05,1.517077095374474e-09,0.001852053014261203
21899,0.004278257417215739,0.0004196848003602306,0.9932551927714417,9.399983629113181e-06,0.0016089112462718323,0.00016912911210253498,2.020224189483476e-07,0.0002592226465711133
15954,0.003463641741887707,0.0005681018613964318,0.011322368415068873,0.00016899789798078649,0.00018820107926634518,0.9842164596273012,3.276078658823193e-08,7.219661631338574e-05
16830,3.3091739422831374e-06,1.7570376097548083e-07,0.9999951490399035,1.0177847453130341e-07,2.8851127647565587e-08,8.486052012699655e-07,7.2057587221555e-11,3.8677553175897595e-07
12111,0.8932312420675246,8.698089086069962e-05,0.04116609784893306,0.06481163095310644,0.0003960580755127428,0.00020934650035155485,1.7080029064729862e-07,9.847286341295542e-05
11862,1.2031879231727694e-12,0.9999999280699424,9.15370887716705e-15,6.1784676663631745e-15,1.9512592540958433e-15,9.324066744688397e-13,6.4798435811212086e-21,7.19279157051986e-08
26342,0.5731783908988817,2.136542669346831e-06,0.42676337098228756,1.5911885780431596e-09,1.1657817244767153e-06,1.2508185848065291e-08,3.0106371811505746e-08,5.4891588679919725e-05
11683,0.999998879885512,1.2246871942535107e-09,1.0958055671377597e-06,1.3973345319526391e-09,8.321256639996231e-10,2.007967084448824e-08,1.701148394696747e-12,7.734027647072838e-10
20741,3.4900853041454195e-08,0.6793712438845084,2.0277723225627616e-07,5.285810965904655e-10,2.318117083491209e-09,9.816939214762722e-09,2.980484174024768e-13,0.32062850577345914
3927,2.735441103155277e-10,0.9824096741181075,1.1426096703490034e-08,2.612864759446839e-10,1.8777809585743179e-10,3.4302077195940766e-05,2.1713244446540856e-15,0.017556011655989558
17864,0.9999943203407184,9.01466137624558e-11,2.706565716790586e-07,7.635760352564919e-10,1.2812771406347394e-08,1.8688377959727037e-09,3.612121331827527e-11,5.393431253333629e-06
21896,5.204011861072269e-19,0.9999999999996874,1.4806382274373761e-19,1.163874733146109e-16,1.9643246358739312e-17,9.26801224964054e-17,5.439929665235012e-19,3.139828427102524e-13
13268,0.001472940253082308,1.1589263963770894e-05,0.9574763522348421,2.5735092109455723e-06,0.0408966123747638,2.17997176342355e-05,0.00010701330236574147,1.111934416375338e-05
2521,0.0017314458717275461,5.440289997642423e-06,0.9975824081685988,2.6121408228931447e-10,0.00043475612011247797,1.6736566773103407e-10,7.848532559467478e-06,0.0002381005884353975
27553,0.03890413659733225,2.037047190550366e-06,0.0025462394008398653,6.268301379792939e-08,0.8259057075270064,0.13264162971309282,2.425557461245768e-13,1.8703128071228188e-07
7341,0.991104391911965,4.595323347086338e-09,0.008895020787564704,5.208500814735502e-07,5.499367855812571e-08,4.568878606550826e-09,1.420761680134895e-10,2.150439850709875e-09
17027,0.7888120754822822,0.0062673160227587005,0.157401215686953,0.01000013519281978,0.003331519011044729,0.020644171853714546,0.0008274115362753745,0.012716155214149117
23178,0.020691770174183353,0.013002688529645867,0.964820869267159,1.9451954180325245e-06,0.0012910597970332742,0.00018309529483792614,6.675124216902607e-09,8.565066596419316e-06
17738,3.3967965926501994e-09,8.765225503993008e-07,2.211089331126946e-10,7.161687458130673e-10,8.352813222285819e-12,0.9999991188914139,1.487999717438036e-17,2.436030168321251e-10
148,0.5136988124473936,0.0025813075585979124,0.4560934195256842,0.00012643548102501365,0.009617719051565879,0.0007685920553951181,0.00032336592271301916,0.01679034795762977
9508,8.698403146114049e-16,2.255733462356034e-17,1.0,1.92407727725448e-19,6.823829822826664e-18,1.7301577272608746e-22,9.003933506023808e-23,2.0240381361640274e-20
10373,0.004890780798807575,1.0875707924549661e-07,0.9908704140605346,3.540348999587816e-08,1.2744660926852342e-05,1.7451327226521803e-08,1.1937603596830515e-11,0.004225898855886305
25597,3.277335964287765e-16,1.2526702020176678e-14,0.9999999999996874,8.201144956834238e-15,2.6230007567574047e-13,4.644232337410379e-15,3.2457504141194076e-14,5.579887335584414e-16
16300,0.011230710730295492,0.003857207345173233,0.006435101844100798,0.02766199820407778,0.0002572223874007821,0.9279328677020215,9.907943178598896e-06,0.022614983843750183
27369,0.005924220995081054,0.38085675257637125,0.0017123904010136598,3.157687306963349e-05,4.1437514270969996e-05,0.0007100643765736175,2.743390906407598e-07,0.6107232829245318
23931,0.0008831950916799901,9.463803431988168e-05,0.0007322820019250949,4.033086969810952e-06,1.959718094000202e-06,0.00020688189876045363,1.1746688581922044e-07,0.9980768927013756
2811,0.9312161926272952,0.00034680588321169014,0.06619823813700511,2.6501284214850916e-05,0.00030708049681496904,0.0010428594055238722,1.1845216429445262e-05,0.0008504769495045056
27886,0.2859306791392518,2.9987580820803877e-05,0.7139271611101112,7.2067734739858625e-06,1.7267456201549115e-05,4.321921451272558e-05,9.802061495361341e-08,4.438070501461473e-05
11216,4.8981105960343396e-27,1.3243549691793769e-36,7.32377998125599e-36,4.035220537695554e-38,1.0494717824389813e-26,1.2752176997642515e-38,1.2546992114895654e-39,1.0
26350,1.977456723530716e-06,8.81989281708421e-11,0.9999979927802906,6.301044014904433e-17,1.5660722408872214e-10,1.272479535613923e-16,4.171199544743182e-12,2.9514013869946492e-08
18496,0.9449669377296506,0.00011092737827632646,0.054265804686858106,6.133930716232077e-05,0.00011217671591220589,0.0002021610805771441,1.6153535126711882e-06,0.0002790377480457697
11059,0.5285542312125824,2.7704600074223584e-06,0.26859166282106756,6.722598789609571e-07,0.2028018789569536,3.084708864211136e-06,5.855346148443355e-09,4.569372530203612e-05
3724,0.9885898606965372,1.1434550905507478e-09,0.011404150926416648,8.573170371898971e-08,5.832386831464249e-06,4.782956717851511e-08,2.8941306761188596e-11,2.125653414787907e-08
23381,0.9998973449695574,8.147247547378745e-08,3.132263205632978e-06,1.4279841207358156e-07,1.3803652900168774e-05,8.54465319835924e-05,4.823973427118633e-10,4.782905884427472e-08
21234,1.0,2.7681665578833924e-17,4.189353160267025e-17,1.5812418330001767e-16,3.4454518047102325e-15,2.1369589591900812e-16,1.1877643885528238e-17,8.903783888389698e-17
938,0.00025512719486886915,0.37973588075244485,9.533190862142815e-06,0.0005506261373265421,8.70678638792206e-09,0.0011836113604568384,9.079518765941229e-11,0.6182652125664605
4334,0.021606932529016003,0.00014585317202546054,0.9782371444196437,5.012537199835675e-10,1.0586587382161365e-06,2.583459372408612e-07,1.5405616982543347e-10,8.752219323140231e-06
4069,0.008243583541726308,0.06368309007425661,0.9275565309323405,1.8977436159277943e-08,2.7834483067888227e-06,5.0435379287652413e-05,1.3026308784921035e-10,0.00046355751639354063
24307,0.9666251815643603,0.00018326966812716843,0.008152379901821234,0.014852461074552382,0.007121182044583456,6.51153557223527e-05,0.0003676670220914482,0.0026327433687468875
22936,0.9999879082737713,1.1254462953297519e-07,4.246311342909913e-06,3.2298028177866256e-08,6.872248299096223e-07,6.8903170619141974e-06,8.028726832225414e-10,1.2222747019879758e-07
25232,0.9290352402198507,8.76625630699944e-06,0.017856848769372078,2.5265932578633723e-12,1.3782549413641387e-06,2.1727070035495603e-12,1.8537969496064307e-08,0.0530977479568471
15502,0.9999610352526548,7.849469786955301e-09,2.5105082647784417e-05,3.567997415183108e-09,1.3573712670904667e-05,6.965632192191248e-08,2.223254230859123e-10,2.0465591313776113e-07
19844,0.0003247108409125706,7.348024741148993e-05,0.9986278347451768,2.651842856448756e-07,0.0009548648641484215,1.8433221829848857e-05,2.2685200105632387e-10,4.106694025536482e-07
18653,2.0980542310822723e-05,1.1588326078589388e-10,0.999979011937951,4.066308419103049e-11,7.265155067049663e-09,2.0491394073607024e-11,1.7704975314220792e-14,7.753956564624607e-11
4301,1.4060556339719085e-09,0.0036078203700292888,3.3987988871932303e-19,8.00747711427068e-07,1.846514565685339e-18,6.977662506135407e-05,2.2986723760392216e-21,0.9963216008511445
7442,0.0008180228102492872,0.00013263292826864128,0.5601826023440656,0.39635465802950176,0.04228814338661595,8.084628252913726e-05,7.207564200910064e-11,0.0001430941467027624
20280,0.9999352301629394,3.950068311881799e-09,3.701043420194274e-08,1.1111705763060256e-10,3.2611894407106656e-09,3.6328685522394073e-08,4.6277666534809876e-14,6.468917551251818e-05
16866,0.9980467181592041,8.574417539636824e-05,0.001596506125440551,5.241026494754489e-06,1.7970169160402369e-06,0.00013531361444748326,4.937426491963019e-10,0.00012867938834425043
6461,0.00012737612654718146,4.981494318092799e-10,0.999869062690435,1.0263250172629798e-15,5.222950079592719e-09,2.3678118510631945e-13,2.4270639853092576e-10,3.5552189616079574e-06
8166,4.349671020324865e-08,8.097702028848111e-13,0.9999999536181019,1.5666150342817866e-21,6.599404536808637e-12,1.0704267081815767e-20,4.794247333883375e-12,2.8729565527759322e-09
10390,0.9995833727108199,3.283391678515345e-06,0.00022299613273489314,2.8083758608933303e-06,9.7714053591176e-08,0.00018616046702676304,1.4146404757359874e-10,1.2810663538994324e-06
